@jorek_model:   302
@n_tor:     3
@n_plane:     8
@n_period:     8
@plottable: energies growth_rates times
@variable_names: Flux        Potential   Current     Vorticity   Density     Temperature V_parallel 
@n_times:     1
@times_xlabel: time step
@times_ylabel: normalized time
@times: "step"     "time"
@n_energies:     6
@energies_xlabel: normalized time
@energies_ylabel: normalized energy
@energies: "time"           "E_{mag,00,cos}" "E_{mag,08,cos}" "E_{mag,08,sin}" "E_{kin,00,cos}" "E_{kin,08,cos}" "E_{kin,08,sin}" 
@n_growth_rates:     6
@growth_rates_xlabel: normalized time
@growth_rates_ylabel: normalized growth rate
@growth_rates: "time"           "G_{mag,00,cos}" "G_{mag,08,cos}" "G_{mag,08,sin}" "G_{kin,00,cos}" "G_{kin,08,cos}" "G_{kin,08,sin}" 
@times:     1   1.000000000E-03
@energies:  1.000000000E-03  1.844799332E-01  0.000000000E+00  0.000000000E+00  3.591216895E-13  0.000000000E+00  0.000000000E+00
@times:     2   2.000000000E-03
@energies:  2.000000000E-03  1.844799331E-01  0.000000000E+00  0.000000000E+00  1.435065466E-12  0.000000000E+00  0.000000000E+00
@growth_rates:  1.500000000E-03 -2.078978101E-07  0.000000000E+00  0.000000000E+00  6.926522245E+02  0.000000000E+00  0.000000000E+00
@times:     3   3.000000000E-03
@energies:  3.000000000E-03  1.844799330E-01  0.000000000E+00  0.000000000E+00  3.225790944E-12  0.000000000E+00  0.000000000E+00
@growth_rates:  2.500000000E-03 -2.112384712E-07  0.000000000E+00  0.000000000E+00  4.049838525E+02  0.000000000E+00  0.000000000E+00
@times:     4   4.000000000E-03
@energies:  4.000000000E-03  1.844799329E-01  0.000000000E+00  0.000000000E+00  5.729350207E-12  0.000000000E+00  0.000000000E+00
@growth_rates:  3.500000000E-03 -2.145705835E-07  0.000000000E+00  0.000000000E+00  2.872119741E+02  0.000000000E+00  0.000000000E+00
@times:     5   5.000000000E-03
@energies:  5.000000000E-03  1.844799328E-01  0.000000000E+00  0.000000000E+00  8.943867616E-12  0.000000000E+00  0.000000000E+00
@growth_rates:  4.500000000E-03 -2.179024738E-07  0.000000000E+00  0.000000000E+00  2.226829962E+02  0.000000000E+00  0.000000000E+00
@times:     6   6.000000000E-03
@energies:  6.000000000E-03  1.844799328E-01  0.000000000E+00  0.000000000E+00  1.286752696E-11  0.000000000E+00  0.000000000E+00
@growth_rates:  5.500000000E-03 -2.212403594E-07  0.000000000E+00  0.000000000E+00  1.818693665E+02  0.000000000E+00  0.000000000E+00
@times:     7   7.000000000E-03
@energies:  7.000000000E-03  1.844799327E-01  0.000000000E+00  0.000000000E+00  1.749856174E-11  0.000000000E+00  0.000000000E+00
@growth_rates:  6.500000000E-03 -2.245703623E-07  0.000000000E+00  0.000000000E+00  1.537059218E+02  0.000000000E+00  0.000000000E+00
@times:     8   8.000000000E-03
@energies:  8.000000000E-03  1.844799326E-01  0.000000000E+00  0.000000000E+00  2.283524779E-11  0.000000000E+00  0.000000000E+00
@growth_rates:  7.500000000E-03 -2.278914835E-07  0.000000000E+00  0.000000000E+00  1.330933032E+02  0.000000000E+00  0.000000000E+00
@times:     9   9.000000000E-03
@energies:  9.000000000E-03  1.844799325E-01  0.000000000E+00  0.000000000E+00  2.887589713E-11  0.000000000E+00  0.000000000E+00
@growth_rates:  8.500000000E-03 -2.312334768E-07  0.000000000E+00  0.000000000E+00  1.173509701E+02  0.000000000E+00  0.000000000E+00
@times:    10   1.000000000E-02
@energies:  1.000000000E-02  1.844799324E-01  0.000000000E+00  0.000000000E+00  3.561885306E-11  0.000000000E+00  0.000000000E+00
@growth_rates:  9.500000000E-03 -2.345509342E-07  0.000000000E+00  0.000000000E+00  1.049339201E+02  0.000000000E+00  0.000000000E+00
@times:    11   2.000000000E-02
@energies:  2.000000000E-02  1.844799315E-01  0.000000000E+00  0.000000000E+00  1.413097956E-10  0.000000000E+00  0.000000000E+00
@growth_rates:  1.500000000E-02 -2.527997256E-07  0.000000000E+00  0.000000000E+00  6.890397669E+01  0.000000000E+00  0.000000000E+00
@times:    12   3.000000000E-02
@energies:  3.000000000E-02  1.844799304E-01  0.000000000E+00  0.000000000E+00  3.155220554E-10  0.000000000E+00  0.000000000E+00
@growth_rates:  2.500000000E-02 -2.858529302E-07  0.000000000E+00  0.000000000E+00  4.016369870E+01  0.000000000E+00  0.000000000E+00
@times:    13   4.000000000E-02
@energies:  4.000000000E-02  1.844799293E-01  0.000000000E+00  0.000000000E+00  5.567707787E-10  0.000000000E+00  0.000000000E+00
@growth_rates:  3.500000000E-02 -3.186685249E-07  0.000000000E+00  0.000000000E+00  2.839625205E+01  0.000000000E+00  0.000000000E+00
@times:    14   5.000000000E-02
@energies:  5.000000000E-02  1.844799280E-01  0.000000000E+00  0.000000000E+00  8.635652827E-10  0.000000000E+00  0.000000000E+00
@growth_rates:  4.500000000E-02 -3.512071411E-07  0.000000000E+00  0.000000000E+00  2.194579352E+01  0.000000000E+00  0.000000000E+00
@times:    15   6.000000000E-02
@energies:  6.000000000E-02  1.844799265E-01  0.000000000E+00  0.000000000E+00  1.234384284E-09  0.000000000E+00  0.000000000E+00
@growth_rates:  5.500000000E-02 -3.834370155E-07  0.000000000E+00  0.000000000E+00  1.786290362E+01  0.000000000E+00  0.000000000E+00
@times:    16   7.000000000E-02
@energies:  7.000000000E-02  1.844799250E-01  0.000000000E+00  0.000000000E+00  1.667668452E-09  0.000000000E+00  0.000000000E+00
@growth_rates:  6.500000000E-02 -4.153290822E-07  0.000000000E+00  0.000000000E+00  1.504271118E+01  0.000000000E+00  0.000000000E+00
@times:    17   8.000000000E-02
@energies:  8.000000000E-02  1.844799234E-01  0.000000000E+00  0.000000000E+00  2.161820460E-09  0.000000000E+00  0.000000000E+00
@growth_rates:  7.500000000E-02 -4.468582171E-07  0.000000000E+00  0.000000000E+00  1.297620790E+01  0.000000000E+00  0.000000000E+00
@times:    18   9.000000000E-02
@energies:  9.000000000E-02  1.844799216E-01  0.000000000E+00  0.000000000E+00  2.715208879E-09  0.000000000E+00  0.000000000E+00
@growth_rates:  8.500000000E-02 -4.780036145E-07  0.000000000E+00  0.000000000E+00  1.139591066E+01  0.000000000E+00  0.000000000E+00
@times:    19   1.000000000E-01
@energies:  1.000000000E-01  1.844799197E-01  0.000000000E+00  0.000000000E+00  3.326173819E-09  0.000000000E+00  0.000000000E+00
@growth_rates:  9.500000000E-02 -5.087456345E-07  0.000000000E+00  0.000000000E+00  1.014768773E+01  0.000000000E+00  0.000000000E+00
@times:    20   2.000000000E-01
@energies:  2.000000000E-01  1.844798951E-01  0.000000000E+00  0.000000000E+00  1.220337473E-08  0.000000000E+00  0.000000000E+00
@growth_rates:  1.500000000E-01 -6.667703933E-07  0.000000000E+00  0.000000000E+00  6.499449452E+00  0.000000000E+00  0.000000000E+00
@times:    21   3.000000000E-01
@energies:  3.000000000E-01  1.844798610E-01  0.000000000E+00  0.000000000E+00  2.500477966E-08  0.000000000E+00  0.000000000E+00
@growth_rates:  2.500000000E-01 -9.250512489E-07  0.000000000E+00  0.000000000E+00  3.586772312E+00  0.000000000E+00  0.000000000E+00
@times:    22   4.000000000E-01
@energies:  4.000000000E-01  1.844798188E-01  0.000000000E+00  0.000000000E+00  4.019986256E-08  0.000000000E+00  0.000000000E+00
@growth_rates:  3.500000000E-01 -1.142822174E-06  0.000000000E+00  0.000000000E+00  2.373982920E+00  0.000000000E+00  0.000000000E+00
@times:    23   5.000000000E-01
@energies:  5.000000000E-01  1.844797702E-01  0.000000000E+00  0.000000000E+00  5.647371919E-08  0.000000000E+00  0.000000000E+00
@growth_rates:  4.500000000E-01 -1.318616409E-06  0.000000000E+00  0.000000000E+00  1.699559030E+00  0.000000000E+00  0.000000000E+00
@times:    24   6.000000000E-01
@energies:  6.000000000E-01  1.844797162E-01  0.000000000E+00  0.000000000E+00  7.276307303E-08  0.000000000E+00  0.000000000E+00
@growth_rates:  5.500000000E-01 -1.461985898E-06  0.000000000E+00  0.000000000E+00  1.267166025E+00  0.000000000E+00  0.000000000E+00
@times:    25   7.000000000E-01
@energies:  7.000000000E-01  1.844796580E-01  0.000000000E+00  0.000000000E+00  8.825921985E-08  0.000000000E+00  0.000000000E+00
@growth_rates:  6.500000000E-01 -1.579208390E-06  0.000000000E+00  0.000000000E+00  9.653478834E-01  0.000000000E+00  0.000000000E+00
@times:    26   8.000000000E-01
@energies:  8.000000000E-01  1.844795962E-01  0.000000000E+00  0.000000000E+00  1.023807683E-07  0.000000000E+00  0.000000000E+00
@growth_rates:  7.500000000E-01 -1.675360315E-06  0.000000000E+00  0.000000000E+00  7.421036059E-01  0.000000000E+00  0.000000000E+00
@times:    27   9.000000000E-01
@energies:  9.000000000E-01  1.844795314E-01  0.000000000E+00  0.000000000E+00  1.147413024E-07  0.000000000E+00  0.000000000E+00
@growth_rates:  8.500000000E-01 -1.754204230E-06  0.000000000E+00  0.000000000E+00  5.699058216E-01  0.000000000E+00  0.000000000E+00
@times:    28   1.000000000E+00
@energies:  1.000000000E+00  1.844794643E-01  0.000000000E+00  0.000000000E+00  1.251202925E-07  0.000000000E+00  0.000000000E+00
@growth_rates:  9.500000000E-01 -1.818672236E-06  0.000000000E+00  0.000000000E+00  4.329778238E-01  0.000000000E+00  0.000000000E+00
@times:    29   2.000000000E+00
@energies:  2.000000000E+00  1.844787844E-01  0.000000000E+00  0.000000000E+00  1.457403429E-07  0.000000000E+00  0.000000000E+00
@growth_rates:  1.500000000E+00 -1.842872902E-06  0.000000000E+00  0.000000000E+00  7.627547509E-02  0.000000000E+00  0.000000000E+00
@times:    30   3.000000000E+00
@energies:  3.000000000E+00  1.844782303E-01  0.000000000E+00  0.000000000E+00  1.014329569E-07  0.000000000E+00  0.000000000E+00
@growth_rates:  2.500000000E+00 -1.501671596E-06  0.000000000E+00  0.000000000E+00 -1.812142540E-01  0.000000000E+00  0.000000000E+00
@times:    31   4.000000000E+00
@energies:  4.000000000E+00  1.844781136E-01  0.000000000E+00  0.000000000E+00  7.753847780E-08  0.000000000E+00  0.000000000E+00
@growth_rates:  3.500000000E+00 -3.164064968E-07  0.000000000E+00  0.000000000E+00 -1.343118780E-01  0.000000000E+00  0.000000000E+00
@times:    32   5.000000000E+00
@energies:  5.000000000E+00  1.844786324E-01  0.000000000E+00  0.000000000E+00  7.462481496E-08  0.000000000E+00  0.000000000E+00
@growth_rates:  4.500000000E+00  1.406156748E-06  0.000000000E+00  0.000000000E+00 -1.915060437E-02  0.000000000E+00  0.000000000E+00
@times:    33   6.000000000E+00
@energies:  6.000000000E+00  1.844797152E-01  0.000000000E+00  0.000000000E+00  8.016725018E-08  0.000000000E+00  0.000000000E+00
@growth_rates:  5.500000000E+00  2.934647610E-06  0.000000000E+00  0.000000000E+00  3.582099376E-02  0.000000000E+00  0.000000000E+00
@times:    34   7.000000000E+00
@energies:  7.000000000E+00  1.844810475E-01  0.000000000E+00  0.000000000E+00  8.809330088E-08  0.000000000E+00  0.000000000E+00
@growth_rates:  6.500000000E+00  3.610963770E-06  0.000000000E+00  0.000000000E+00  4.714070524E-02  0.000000000E+00  0.000000000E+00
@times:    35   8.000000000E+00
@energies:  8.000000000E+00  1.844822028E-01  0.000000000E+00  0.000000000E+00  9.472798088E-08  0.000000000E+00  0.000000000E+00
@growth_rates:  7.500000000E+00  3.131325523E-06  0.000000000E+00  0.000000000E+00  3.630646756E-02  0.000000000E+00  0.000000000E+00
@times:    36   9.000000000E+00
@energies:  9.000000000E+00  1.844827926E-01  0.000000000E+00  0.000000000E+00  9.929020446E-08  0.000000000E+00  0.000000000E+00
@growth_rates:  8.500000000E+00  1.598372849E-06  0.000000000E+00  0.000000000E+00  2.351874750E-02  0.000000000E+00  0.000000000E+00
@times:    37   1.000000000E+01
@energies:  1.000000000E+01  1.844825989E-01  0.000000000E+00  0.000000000E+00  1.024677910E-07  0.000000000E+00  0.000000000E+00
@growth_rates:  9.500000000E+00 -5.247804065E-07  0.000000000E+00  0.000000000E+00  1.575079746E-02  0.000000000E+00  0.000000000E+00
@times:    38   1.200000000E+01
@energies:  1.200000000E+01  1.844802981E-01  0.000000000E+00  0.000000000E+00  1.085646843E-07  0.000000000E+00  0.000000000E+00
@growth_rates:  1.100000000E+01 -3.118031680E-06  0.000000000E+00  0.000000000E+00  1.444941217E-02  0.000000000E+00  0.000000000E+00
@times:    39   1.400000000E+01
@energies:  1.400000000E+01  1.844770235E-01  0.000000000E+00  0.000000000E+00  1.171986336E-07  0.000000000E+00  0.000000000E+00
@growth_rates:  1.300000000E+01 -4.437624390E-06  0.000000000E+00  0.000000000E+00  1.913101370E-02  0.000000000E+00  0.000000000E+00
@times:    40   1.600000000E+01
@energies:  1.600000000E+01  1.844747527E-01  0.000000000E+00  0.000000000E+00  1.232097840E-07  0.000000000E+00  0.000000000E+00
@growth_rates:  1.500000000E+01 -3.077323656E-06  0.000000000E+00  0.000000000E+00  1.250456114E-02  0.000000000E+00  0.000000000E+00
@times:    41   1.800000000E+01
@energies:  1.800000000E+01  1.844742364E-01  0.000000000E+00  0.000000000E+00  1.215324740E-07  0.000000000E+00  0.000000000E+00
@growth_rates:  1.700000000E+01 -6.996662294E-07  0.000000000E+00  0.000000000E+00 -3.426740182E-03  0.000000000E+00  0.000000000E+00
@times:    42   2.300000000E+01
@energies:  2.300000000E+01  1.844759397E-01  6.857706979E-26  6.876887664E-26  1.307177933E-07  7.549737325E-28  7.531511572E-28
@growth_rates:  2.050000000E+01  9.232895397E-07  0.000000000E+00  0.000000000E+00  7.285924740E-03  0.000000000E+00  0.000000000E+00
@times:    43   2.800000000E+01
@energies:  2.800000000E+01  1.844762300E-01  1.160824225E-25  1.164852084E-25  1.379935944E-07  8.850097900E-27  8.879726193E-27
@growth_rates:  2.550000000E+01  1.573988155E-07  5.263422580E-02  5.270130302E-02  5.416651652E-03  2.461500843E-01  2.467260054E-01
@times:    44   3.300000000E+01
@energies:  3.300000000E+01  1.844743245E-01  2.455267889E-27  2.376339694E-27  1.571629168E-07  1.710969466E-26  1.716753149E-26
@growth_rates:  3.050000000E+01 -1.032948506E-06 -3.856064602E-01 -3.892202938E-01  1.300756873E-02  6.592167209E-02  6.592491734E-02
@times:    45   3.800000000E+01
@energies:  3.800000000E+01  1.844736950E-01  3.501087219E-26  3.500378394E-26  1.927956253E-07  1.646310902E-26  1.643140888E-26
@growth_rates:  3.550000000E+01 -3.412474020E-07  2.657422772E-01  2.689894808E-01  2.043477377E-02 -3.852318115E-03 -4.382521729E-03
@times:    46   4.300000000E+01
@energies:  4.300000000E+01  1.844725628E-01  8.711792780E-26  8.717417199E-26  2.083270549E-07  2.575932363E-26  2.569963630E-26
@growth_rates:  4.050000000E+01 -6.137454861E-07  9.116040454E-02  9.124519261E-02  7.747853283E-03  4.476745833E-02  4.472821614E-02
@times:    47   4.800000000E+01
@energies:  4.800000000E+01  1.844691957E-01  1.952884144E-26  1.874697668E-26  1.975375263E-07  3.419599667E-26  3.421163442E-26
@growth_rates:  4.550000000E+01 -1.825280476E-06 -1.495370272E-01 -1.536875599E-01 -5.318065134E-03  2.833119367E-02  2.860889339E-02
@times:    48   5.300000000E+01
@energies:  5.300000000E+01  1.844681384E-01  6.812805027E-26  6.733623969E-26  1.988487251E-07  2.760319186E-26  2.751395009E-26
@growth_rates:  5.050000000E+01 -5.731212078E-07  1.249496605E-01  1.278666076E-01  6.615787580E-04 -2.141771677E-02 -2.178726217E-02
@times:    49   5.800000000E+01
@energies:  5.800000000E+01  1.844696359E-01  4.000221897E-26  3.950715513E-26  2.195016843E-07  2.868493200E-26  2.860016681E-26
@growth_rates:  5.550000000E+01  8.117629003E-07 -5.324540997E-02 -5.332167734E-02  9.881554522E-03  3.844055437E-03  3.871939821E-03
@times:    50   6.300000000E+01
@energies:  6.300000000E+01  1.844684372E-01  3.951406653E-26  3.818511536E-26  2.360141734E-07  3.187686467E-26  3.199010191E-26
@growth_rates:  6.050000000E+01 -6.498081247E-07 -1.227820363E-03 -3.403600859E-03  7.253195453E-03  1.055085336E-02  1.120139893E-02
@times:    51   6.800000000E+01
@energies:  6.800000000E+01  1.844656027E-01  8.875948202E-26  8.715487909E-26  2.428029317E-07  2.909113178E-26  2.920229346E-26
@growth_rates:  6.550000000E+01 -1.536608970E-06  8.092735391E-02  8.252409659E-02  2.835827333E-03 -9.144712315E-03 -9.117929020E-03
@times:    52   7.300000000E+01
@energies:  7.300000000E+01  1.844644104E-01  4.058968749E-26  4.016531450E-26  2.415256089E-07  2.941463431E-26  2.955305880E-26
@growth_rates:  7.050000000E+01 -6.463145621E-07 -7.824162307E-02 -7.746829556E-02 -5.274625022E-04  1.105893813E-03  1.194000167E-03
@times:    53   7.800000000E+01
@energies:  7.800000000E+01  1.844633859E-01  5.329054254E-26  5.285453147E-26  2.341761019E-07  2.853407007E-26  2.872351200E-26
@growth_rates:  7.550000000E+01 -5.554056294E-07  2.722448456E-02  2.745396508E-02 -3.090210396E-03 -3.039350183E-03 -2.847123027E-03
@times:    54   8.300000000E+01
@energies:  8.300000000E+01  1.844620560E-01  6.372234805E-26  6.275603602E-26  2.384366469E-07  2.795392587E-26  2.804260372E-26
@growth_rates:  8.050000000E+01 -7.209717660E-07  1.787764567E-02  1.717113143E-02  1.803023904E-03 -2.054116409E-03 -2.399110553E-03
@times:    55   8.800000000E+01
@energies:  8.800000000E+01  1.844618318E-01  6.413994919E-26  6.592996556E-26  2.518069800E-07  2.946345108E-26  2.960390084E-26
@growth_rates:  8.550000000E+01 -1.215193941E-07  6.532068206E-04  4.933828584E-03  5.455919808E-03  5.259289868E-03  5.418122246E-03
@times:    56   9.300000000E+01
@energies:  9.300000000E+01  1.844616833E-01  6.159222011E-26  6.433463675E-26  2.605720804E-07  2.779802787E-26  2.794014078E-26
@growth_rates:  9.050000000E+01 -8.052380083E-08 -4.053183649E-03 -2.449489046E-03  3.421668135E-03 -5.818547047E-03 -5.784174514E-03
@times:    57   9.800000000E+01
@energies:  9.800000000E+01  1.844599459E-01  4.822726939E-26  5.038889643E-26  2.597807949E-07  2.498884101E-26  2.506364350E-26
@growth_rates:  9.550000000E+01 -9.418691122E-07 -2.446109497E-02 -2.443273185E-02 -3.041344296E-04 -1.065357129E-02 -1.086460625E-02
@times:    58   1.030000000E+02
@energies:  1.030000000E+02  1.844576646E-01  7.195434552E-26  7.544373363E-26  2.568433449E-07  2.449985195E-26  2.476483982E-26
@growth_rates:  1.005000000E+02 -1.236741991E-06  4.001072120E-02  4.036162867E-02 -1.137183250E-03 -1.976229096E-03 -1.199343196E-03
@times:    59   1.080000000E+02
@energies:  1.080000000E+02  1.844567604E-01  5.714476565E-26  6.134232667E-26  2.609516974E-07  2.350325743E-26  2.380780600E-26
@growth_rates:  1.055000000E+02 -4.902091141E-07 -2.304440316E-02 -2.069170398E-02  1.586897656E-03 -4.152804887E-03 -3.941138814E-03
@times:    60   1.130000000E+02
@energies:  1.130000000E+02  1.844564462E-01  6.243751805E-26  6.529572766E-26  2.683284915E-07  2.095269466E-26  2.123518162E-26
@growth_rates:  1.105000000E+02 -1.703349465E-07  8.857854921E-03  6.245651911E-03  2.787662178E-03 -1.148717644E-02 -1.143541935E-02
@times:    61   1.180000000E+02
@energies:  1.180000000E+02  1.844553175E-01  6.426976588E-26  6.775450814E-26  2.733002424E-07  2.006595547E-26  2.050401190E-26
@growth_rates:  1.155000000E+02 -6.119069472E-07  2.892297106E-03  3.696439054E-03  1.835903528E-03 -4.324264004E-03 -3.503874690E-03
@times:    62   1.230000000E+02
@energies:  1.230000000E+02  1.844540777E-01  4.834308826E-26  5.167453298E-26  2.741242972E-07  1.951724020E-26  1.987811730E-26
@growth_rates:  1.205000000E+02 -6.721710576E-07 -2.847660570E-02 -2.709259305E-02  3.010663223E-04 -2.772643321E-03 -3.100107612E-03
@times:    63   1.280000000E+02
@energies:  1.280000000E+02  1.844529860E-01  6.845008473E-26  7.029131950E-26  2.704656057E-07  1.966000090E-26  1.997577791E-26
@growth_rates:  1.255000000E+02 -5.918506693E-07  3.477815300E-02  3.076832454E-02 -1.343670363E-03  7.287972558E-04  4.900941354E-04
@times:    64   1.330000000E+02
@energies:  1.330000000E+02  1.844516342E-01  5.152606754E-26  5.328165269E-26  2.663322864E-07  2.048090314E-26  2.094435326E-26
@growth_rates:  1.305000000E+02 -7.328643458E-07 -2.840169441E-02 -2.770562685E-02 -1.540021310E-03  4.090673702E-03  4.734864097E-03
@times:    65   1.380000000E+02
@energies:  1.380000000E+02  1.844506897E-01  5.269169879E-26  5.365661638E-26  2.673088400E-07  1.862997622E-26  1.906653433E-26
@growth_rates:  1.355000000E+02 -5.120379214E-07  2.237007952E-03  7.012741623E-04  3.659967752E-04 -9.472098935E-03 -9.393440697E-03
@times:    66   1.430000000E+02
@energies:  1.430000000E+02  1.844502271E-01  5.274681293E-26  5.339937315E-26  2.720597440E-07  1.846769229E-26  1.891644971E-26
@growth_rates:  1.405000000E+02 -2.508309290E-07  1.045427134E-04 -4.805779147E-04  1.761699529E-03 -8.749065619E-04 -7.902770443E-04
@times:    67   1.480000000E+02
@energies:  1.480000000E+02  1.844493254E-01  4.304603729E-26  4.380326151E-26  2.752852448E-07  1.898798608E-26  1.959453585E-26
@growth_rates:  1.455000000E+02 -4.888550180E-07 -2.032331746E-02 -1.980907288E-02  1.178612448E-03  2.778362495E-03  3.521884561E-03
@times:    68   1.530000000E+02
@energies:  1.530000000E+02  1.844477571E-01  6.153046896E-26  6.154944211E-26  2.725935388E-07  1.678922804E-26  1.743983496E-26
@growth_rates:  1.505000000E+02 -8.502765829E-07  3.572623048E-02  3.401325102E-02 -9.825997136E-04 -1.230689749E-02 -1.164937890E-02
@times:    69   1.580000000E+02
@energies:  1.580000000E+02  1.844461241E-01  3.839633632E-26  3.880922965E-26  2.673884391E-07  1.654751542E-26  1.724664304E-26
@growth_rates:  1.555000000E+02 -8.853141058E-07 -4.715704356E-02 -4.611826927E-02 -1.927938756E-03 -1.450152785E-03 -1.113943694E-03
@times:    70   1.630000000E+02
@energies:  1.630000000E+02  1.844449676E-01  3.944614214E-26  3.998718708E-26  2.647203775E-07  1.656335684E-26  1.739139701E-26
@growth_rates:  1.605000000E+02 -6.270024652E-07  2.697420463E-03  2.990098395E-03 -1.002833954E-03  9.568711113E-05  8.358140905E-04
@times:    71   1.680000000E+02
@energies:  1.680000000E+02  1.844442595E-01  5.116468803E-26  5.148536103E-26  2.656533717E-07  1.643006755E-26  1.732621531E-26
@growth_rates:  1.655000000E+02 -3.839502103E-07  2.601133558E-02  2.527384356E-02  3.518255553E-04 -8.079792566E-04 -3.754968445E-04
@times:    72   1.730000000E+02
@energies:  1.730000000E+02  1.844437212E-01  3.634929330E-26  3.688430489E-26  2.660309666E-07  1.789528855E-26  1.888091016E-26
@growth_rates:  1.705000000E+02 -2.918288742E-07 -3.418748449E-02 -3.335113965E-02  1.420372464E-04  8.542442511E-03  8.593067672E-03
@times:    73   1.780000000E+02
@energies:  1.780000000E+02  1.844429068E-01  3.654432705E-26  3.735157414E-26  2.632955045E-07  1.759216111E-26  1.869510973E-26
@growth_rates:  1.755000000E+02 -4.415228456E-07  5.351201227E-04  1.258893749E-03 -1.033572505E-03 -1.708405709E-03 -9.889389139E-04
@times:    74   1.830000000E+02
@energies:  1.830000000E+02  1.844413941E-01  3.460470574E-26  3.533583819E-26  2.578450562E-07  1.743565402E-26  1.859427777E-26
@growth_rates:  1.805000000E+02 -8.201745240E-07 -5.453628681E-03 -5.547736128E-03 -2.091814561E-03 -8.936219942E-04 -5.408091308E-04
@times:    75   1.880000000E+02
@energies:  1.880000000E+02  1.844398298E-01  3.628834938E-26  3.670645800E-26  2.537612022E-07  1.846445129E-26  1.970364167E-26
@growth_rates:  1.855000000E+02 -8.481452055E-07  4.750705925E-03  3.805501168E-03 -1.596517094E-03  5.733014034E-03  5.794958815E-03
@times:    76   1.930000000E+02
@energies:  1.930000000E+02  1.844390130E-01  3.446993415E-26  3.687913000E-26  2.535361108E-07  1.777219742E-26  1.905347361E-26
@growth_rates:  1.905000000E+02 -4.428631094E-07 -5.140926592E-03  4.693101566E-04 -8.874142339E-05 -3.821203821E-03 -3.355404827E-03
@times:    77   1.980000000E+02
@energies:  1.980000000E+02  1.844383778E-01  4.136561741E-26  4.317717671E-26  2.550696526E-07  1.678106472E-26  1.802342360E-26
@growth_rates:  1.955000000E+02 -3.443643875E-07  1.823625684E-02  1.576662304E-02  6.030393317E-04 -5.738414279E-03 -5.557720361E-03
@times:    78   2.030000000E+02
@energies:  2.030000000E+02  1.844374012E-01  3.806381030E-26  3.969589428E-26  2.547654696E-07  1.694529502E-26  1.822370652E-26
@growth_rates:  2.005000000E+02 -5.295102064E-07 -8.318606854E-03 -8.406427506E-03 -1.193260095E-04  9.739064669E-04  1.105107947E-03
@times:    79   2.080000000E+02
@energies:  2.080000000E+02  1.844362680E-01  4.019251335E-26  4.193265607E-26  2.524613391E-07  1.684321873E-26  1.812206859E-26
@growth_rates:  2.055000000E+02 -6.144098236E-07  5.441677331E-03  5.481714085E-03 -9.085270458E-04 -6.042088767E-04 -5.592847610E-04
@times:    80   2.130000000E+02
@energies:  2.130000000E+02  1.844349274E-01  4.560301924E-26  4.734977351E-26  2.485816903E-07  1.701910452E-26  1.825222224E-26
@growth_rates:  2.105000000E+02 -7.268781669E-07  1.262931826E-02  1.214971317E-02 -1.548659942E-03  1.038838193E-03  7.156384216E-04
@times:    81   2.180000000E+02
@energies:  2.180000000E+02  1.844337198E-01  3.313979891E-26  3.489850270E-26  2.458768610E-07  1.756319309E-26  1.884942335E-26
@growth_rates:  2.155000000E+02 -6.547471415E-07 -3.192389817E-02 -3.051181105E-02 -1.094067969E-03  3.146890195E-03  3.219548262E-03
@times:    82   2.230000000E+02
@energies:  2.230000000E+02  1.844330895E-01  3.952134012E-26  4.095980860E-26  2.468480387E-07  1.720049341E-26  1.849669375E-26
@growth_rates:  2.205000000E+02 -3.417638645E-07  1.761058383E-02  1.601473821E-02  3.942073805E-04 -2.086734059E-03 -1.889032208E-03
@times:    83   2.280000000E+02
@energies:  2.280000000E+02  1.844325449E-01  3.855035126E-26  4.019716678E-26  2.478298064E-07  1.757894187E-26  1.886628423E-26
@growth_rates:  2.255000000E+02 -2.952848595E-07 -2.487557059E-03 -1.879479282E-03  3.969326703E-04  2.176363110E-03  1.978442610E-03
@times:    84   2.330000000E+02
@energies:  2.330000000E+02  1.844316003E-01  3.569834169E-26  3.727999541E-26  2.460717343E-07  1.789750605E-26  1.920559528E-26
@growth_rates:  2.305000000E+02 -5.121425586E-07 -7.686097542E-03 -7.533964845E-03 -7.119149888E-04  1.795967499E-03  1.782523145E-03
@times:    85   2.380000000E+02
@energies:  2.380000000E+02  1.844303096E-01  3.948850203E-26  4.157755184E-26  2.434101732E-07  1.672143459E-26  1.801530172E-26
@growth_rates:  2.355000000E+02 -6.998547069E-07  1.009053053E-02  1.091035358E-02 -1.087512010E-03 -6.796997114E-03 -6.398016490E-03
@times:    86   2.430000000E+02
@energies:  2.430000000E+02  1.844289717E-01  3.187676778E-26  3.475618135E-26  2.411123506E-07  1.613241425E-26  1.743930243E-26
@growth_rates:  2.405000000E+02 -7.254318410E-07 -2.141320798E-02 -1.792029658E-02 -9.484966131E-04 -3.586084937E-03 -3.249507269E-03
@times:    87   2.480000000E+02
@energies:  2.480000000E+02  1.844280308E-01  3.773256982E-26  3.783168387E-26  2.411101206E-07  1.611172383E-26  1.740395890E-26
@growth_rates:  2.455000000E+02 -5.101259302E-07  1.686461805E-02  8.478951238E-03 -9.248754825E-07 -1.283360085E-04 -2.028716499E-04
@times:    88   2.530000000E+02
@energies:  2.530000000E+02  1.844274836E-01  3.244863766E-26  4.038477751E-26  2.430392495E-07  1.571160207E-26  1.698632844E-26
@growth_rates:  2.505000000E+02 -2.967192260E-07 -1.508651829E-02  6.530597052E-03  7.969189674E-04 -2.514777044E-03 -2.428889213E-03
@times:    89   2.580000000E+02
@energies:  2.580000000E+02  1.844268777E-01  2.759028041E-26  4.430931277E-26  2.426640600E-07  1.552560819E-26  1.684213467E-26
@growth_rates:  2.555000000E+02 -3.285428355E-07 -1.621949076E-02  9.274195585E-03 -1.544933042E-04 -1.190862317E-03 -8.525048536E-04
@times:    90   2.630000000E+02
@energies:  2.630000000E+02  1.844258437E-01  2.554778880E-26  4.198452919E-26  2.401639720E-07  1.572412311E-26  1.701049536E-26
@growth_rates:  2.605000000E+02 -5.606723969E-07 -7.691278292E-03 -5.389367762E-03 -1.035611114E-03  1.270523510E-03  9.946765165E-04
@times:    91   2.680000000E+02
@energies:  2.680000000E+02  1.844244610E-01  2.450132719E-26  4.103804222E-26  2.373774052E-07  1.579954160E-26  1.704952835E-26
@growth_rates:  2.655000000E+02 -7.497299532E-07 -4.182348168E-03 -2.280170232E-03 -1.167060517E-03  4.784889848E-04  2.292012839E-04
@times:    92   2.730000000E+02
@energies:  2.730000000E+02  1.844233649E-01  2.750901915E-26  4.416785757E-26  2.356138103E-07  1.615427196E-26  1.738574016E-26
@growth_rates:  2.705000000E+02 -5.942991304E-07  1.157866328E-02  7.349782470E-03 -7.457233795E-04  2.220360572E-03  1.952779839E-03
@times:    93   2.780000000E+02
@energies:  2.780000000E+02  1.844228165E-01  2.173145369E-26  3.832903938E-26  2.357746575E-07  1.626165012E-26  1.741260200E-26
@growth_rates:  2.755000000E+02 -2.973684773E-07 -2.357532300E-02 -1.417895031E-02  6.824403297E-05  6.625050019E-04  1.543858292E-04
@times:    94   2.830000000E+02
@energies:  2.830000000E+02  1.844223112E-01  2.491028773E-26  4.169890194E-26  2.359028282E-07  1.546829193E-26  1.657119413E-26
@growth_rates:  2.805000000E+02 -2.739865820E-07  1.365201898E-02  8.426697886E-03  5.434672008E-05 -5.001733597E-03 -4.952830254E-03
@times:    95   2.880000000E+02
@energies:  2.880000000E+02  1.844214492E-01  2.239331864E-26  3.919000671E-26  2.342816584E-07  1.558135633E-26  1.657459289E-26
@growth_rates:  2.855000000E+02 -4.674228016E-07 -1.065182403E-02 -6.205301248E-03 -6.895915297E-04  7.282845821E-04  2.050791252E-05
@times:    96   2.930000000E+02
@energies:  2.930000000E+02  1.844202352E-01  2.236860449E-26  3.927173303E-26  2.318965969E-07  1.564674226E-26  1.658473755E-26
@growth_rates:  2.905000000E+02 -6.582699119E-07 -1.104248921E-04  2.083215211E-04 -1.023249064E-03  4.187640799E-04  6.118736553E-05
@times:    97   2.980000000E+02
@energies:  2.980000000E+02  1.844190169E-01  2.797156187E-26  4.492261901E-26  2.298509167E-07  1.500430899E-26  1.586908361E-26
@growth_rates:  2.955000000E+02 -6.606462282E-07  2.235299559E-02  1.344364333E-02 -8.860658671E-04 -4.192530745E-03 -4.411005832E-03
@times:    98   3.030000000E+02
@energies:  3.030000000E+02  1.844182110E-01  1.936409764E-26  3.629053927E-26  2.297026244E-07  1.533482816E-26  1.613800708E-26
@growth_rates:  3.005000000E+02 -4.369754098E-07 -3.677676320E-02 -2.133843510E-02 -6.453754209E-05  2.178916585E-03  1.680438912E-03
@times:    99   3.080000000E+02
@energies:  3.080000000E+02  1.844177073E-01  2.341034690E-26  4.078199530E-26  2.300866090E-07  1.551073093E-26  1.625268358E-26
@growth_rates:  3.055000000E+02 -2.731474815E-07  1.897573852E-02  1.166836114E-02  1.670263698E-04  1.140551073E-03  7.080860236E-04
@times:   100   3.130000000E+02
@energies:  3.130000000E+02  1.844170744E-01  2.896725008E-26  4.322671595E-26  2.292251253E-07  1.575590823E-26  1.641459920E-26
@growth_rates:  3.105000000E+02 -3.431654952E-07  2.129877847E-02  5.821803648E-03 -3.751198256E-04  1.568331828E-03  9.913095601E-04
@times:   101   3.180000000E+02
@energies:  3.180000000E+02  1.844160807E-01  2.657051730E-26  3.396074681E-26  2.272728776E-07  1.668534300E-26  1.731241493E-26
@growth_rates:  3.155000000E+02 -5.388164012E-07 -8.636365534E-03 -2.412533769E-02 -8.553201160E-04  5.731524869E-03  5.325273600E-03
@times:   102   3.230000000E+02
@energies:  3.230000000E+02  1.844148597E-01  4.439747200E-26  3.688955087E-26  2.246243887E-07  1.676145263E-26  1.728940442E-26
@growth_rates:  3.205000000E+02 -6.621266597E-07  5.133803018E-02  8.272298459E-03 -1.172177583E-03  4.551094430E-04 -1.330017519E-04
@times:   103   3.280000000E+02
@energies:  3.280000000E+02  1.844138458E-01  4.461047928E-26  8.600046293E-26  2.232876303E-07  1.707388417E-26  1.758677795E-26
@growth_rates:  3.255000000E+02 -5.497990961E-07  4.786261972E-04  8.464243426E-02 -5.968861352E-04  1.846829065E-03  1.705351434E-03
@times:   104   3.330000000E+02
@energies:  3.330000000E+02  1.844132527E-01  4.670036141E-26  8.888702439E-26  2.238773666E-07  1.817033969E-26  1.858689567E-26
@growth_rates:  3.305000000E+02 -3.215679539E-07  4.578311093E-03  3.301349536E-03  2.637669028E-04  6.224052291E-03  5.530943174E-03
@times:   105   3.380000000E+02
@energies:  3.380000000E+02  1.844127936E-01  4.864742559E-26  9.061093949E-26  2.236599022E-07  1.824869450E-26  1.873745371E-26
@growth_rates:  3.355000000E+02 -2.489740517E-07  4.084698659E-03  1.920877616E-03 -9.718270267E-05  4.302965914E-04  8.067594574E-04
@times:   106   3.430000000E+02
@energies:  3.430000000E+02  1.844120216E-01  5.101660871E-26  9.315697889E-26  2.225613952E-07  1.864880040E-26  1.906701540E-26
@growth_rates:  3.405000000E+02 -4.186557040E-07  4.755235046E-03  2.771106454E-03 -4.923607419E-04  2.168827920E-03  1.743550645E-03
@times:   107   3.480000000E+02
@energies:  3.480000000E+02  1.844108143E-01  5.238607564E-26  9.426356675E-26  2.210138361E-07  1.972996425E-26  2.027757631E-26
@growth_rates:  3.455000000E+02 -6.546369852E-07  2.648958327E-03  1.180874505E-03 -6.977690540E-04  5.635668553E-03  6.155576042E-03
@times:   108   3.530000000E+02
@energies:  3.530000000E+02  1.844096261E-01  5.812010497E-26  1.003366948E-25  2.192642003E-07  2.075836366E-26  2.128466969E-26
@growth_rates:  3.505000000E+02 -6.443474470E-07  1.038708208E-02  6.243671866E-03 -7.947909509E-04  5.081072566E-03  4.847142053E-03
@times:   109   3.580000000E+02
@energies:  3.580000000E+02  1.844089000E-01  6.459968954E-26  1.063603890E-25  2.190812497E-07  2.263670007E-26  2.328653586E-26
@growth_rates:  3.555000000E+02 -3.937318552E-07  1.056979601E-02  5.830174497E-03 -8.347325576E-05  8.662325263E-03  8.988825301E-03
@times:   110   3.630000000E+02
@energies:  3.630000000E+02  1.844084470E-01  6.145367413E-26  1.157804030E-25  2.193404198E-07  2.525763725E-26  2.597267245E-26
@growth_rates:  3.605000000E+02 -2.456687746E-07 -4.992598000E-03  8.486209574E-03  1.182286868E-04  1.095560891E-02  1.091695920E-02
@times:   111   3.680000000E+02
@energies:  3.680000000E+02  1.844078333E-01  7.126521198E-26  1.269069070E-25  2.182238959E-07  2.829473829E-26  2.906629337E-26
@growth_rates:  3.655000000E+02 -3.327949207E-07  1.481246729E-02  9.175848250E-03 -5.103369820E-04  1.135472858E-02  1.125342739E-02
@times:   112   3.730000000E+02
@energies:  3.730000000E+02  1.844068480E-01  7.969092904E-26  1.327848582E-25  2.165100845E-07  3.274460482E-26  3.368943844E-26
@growth_rates:  3.705000000E+02 -5.342844981E-07  1.117474678E-02  4.527640882E-03 -7.884455061E-04  1.460623491E-02  1.476051893E-02
@times:   113   3.780000000E+02
@energies:  3.780000000E+02  1.844056640E-01  8.809791180E-26  1.458208370E-25  2.146170420E-07  3.812531018E-26  3.901918707E-26
@growth_rates:  3.755000000E+02 -6.420405740E-07  1.002930644E-02  9.364851352E-03 -8.781886377E-04  1.521401607E-02  1.468691124E-02
@times:   114   3.830000000E+02
@energies:  3.830000000E+02  1.844047431E-01  1.101797187E-25  1.929524408E-25  2.135424517E-07  4.411963359E-26  4.538471799E-26
@growth_rates:  3.805000000E+02 -4.994387564E-07  2.236640087E-02  2.800650136E-02 -5.019590109E-04  1.460265186E-02  1.511219391E-02
@times:   115   3.880000000E+02
@energies:  3.880000000E+02  1.844042107E-01  1.285767749E-25  2.112014877E-25  2.138070087E-07  5.245144614E-26  5.348021451E-26
@growth_rates:  3.855000000E+02 -2.886895669E-07  1.544133573E-02  9.036885764E-03  1.238130026E-04  1.729830167E-02  1.641363229E-02
@times:   116   3.930000000E+02
@energies:  3.930000000E+02  1.844036977E-01  1.672030403E-25  2.343278627E-25  2.135348392E-07  6.249172838E-26  6.408636144E-26
@growth_rates:  3.905000000E+02 -2.782107563E-07  2.626826883E-02  1.039086618E-02 -1.273779281E-04  1.751462958E-02  1.809198081E-02
@times:   117   3.980000000E+02
@energies:  3.980000000E+02  1.844028823E-01  2.035051161E-25  3.145871477E-25  2.122091027E-07  7.594541658E-26  7.715156483E-26
@growth_rates:  3.955000000E+02 -4.421728925E-07  1.964822610E-02  2.945398794E-02 -6.227878499E-04  1.949806773E-02  1.855402902E-02
@times:   118   4.030000000E+02
@energies:  4.030000000E+02  1.844017675E-01  2.338301573E-25  3.554475736E-25  2.105129704E-07  9.310247920E-26  9.496826035E-26
@growth_rates:  4.005000000E+02 -6.045632515E-07  1.389038831E-02  1.221166291E-02 -8.024853645E-04  2.036859340E-02  2.077708727E-02
@times:   119   4.080000000E+02
@energies:  4.080000000E+02  1.844006784E-01  2.915703080E-25  4.077456217E-25  2.091148110E-07  1.156346965E-25  1.170967054E-25
@growth_rates:  4.055000000E+02 -5.905724348E-07  2.206861420E-02  1.372657376E-02 -6.663832423E-04  2.167352404E-02  2.094574013E-02
@times:   120   4.130000000E+02
@energies:  4.130000000E+02  1.843999650E-01  3.649587696E-25  4.807180388E-25  2.088650826E-07  1.441280365E-25  1.461121046E-25
@growth_rates:  4.105000000E+02 -3.869049578E-07  2.245032167E-02  1.646373967E-02 -1.194930306E-04  2.202659929E-02  2.213740314E-02
@times:   121   4.180000000E+02
@energies:  4.180000000E+02  1.843995354E-01  4.577506305E-25  5.737837330E-25  2.087279515E-07  1.813116847E-25  1.831158666E-25
@growth_rates:  4.155000000E+02 -2.329494117E-07  2.265401737E-02  1.769716531E-02 -6.567691608E-05  2.295155189E-02  2.257449364E-02
@times:   122   4.230000000E+02
@energies:  4.230000000E+02  1.843989496E-01  5.755690445E-25  6.911173991E-25  2.076872591E-07  2.281536893E-25  2.300413528E-25
@growth_rates:  4.205000000E+02 -3.176752021E-07  2.290346332E-02  1.860571533E-02 -4.998350057E-04  2.298019122E-02  2.281399842E-02
@times:   123   4.280000000E+02
@energies:  4.280000000E+02  1.843979545E-01  7.266248066E-25  8.423333563E-25  2.064735601E-07  2.872851801E-25  2.895548236E-25
@growth_rates:  4.255000000E+02 -5.396545983E-07  2.330510657E-02  1.978661392E-02 -5.861020392E-04  2.304559037E-02  2.300855649E-02
@times:   124   4.330000000E+02
@energies:  4.330000000E+02  1.843967949E-01  9.186856119E-25  1.034605470E-24  2.052215151E-07  3.635507770E-25  3.650483882E-25
@growth_rates:  4.305000000E+02 -6.288800529E-07  2.345337060E-02  2.055995985E-02 -6.082408776E-04  2.354435950E-02  2.316852628E-02
@times:   125   4.380000000E+02
@energies:  4.380000000E+02  1.843959245E-01  1.162979652E-24  1.283457364E-24  2.047308899E-07  4.591195082E-25  4.619291792E-25
@growth_rates:  4.355000000E+02 -4.719999655E-07  2.357966902E-02  2.155373371E-02 -2.393572645E-04  2.333915662E-02  2.353816723E-02
@times:   126   4.430000000E+02
@energies:  4.430000000E+02  1.843954218E-01  1.476796812E-24  1.593252843E-24  2.051323158E-07  5.827253985E-25  5.836414895E-25
@growth_rates:  4.405000000E+02 -2.726594312E-07  2.388900491E-02  2.162202368E-02  1.958829397E-04  2.384055183E-02  2.338753189E-02
@times:   127   4.480000000E+02
@energies:  4.480000000E+02  1.843949252E-01  1.869959831E-24  1.982701396E-24  2.048656174E-07  7.385349355E-25  7.418763181E-25
@growth_rates:  4.455000000E+02 -2.692788288E-07  2.360415239E-02  2.186825171E-02 -1.300974600E-04  2.369523460E-02  2.398956356E-02
@times:   128   4.530000000E+02
@energies:  4.530000000E+02  1.843940970E-01  2.374164587E-24  2.490607829E-24  2.040103178E-07  9.403825679E-25  9.407299744E-25
@growth_rates:  4.505000000E+02 -4.491450050E-07  2.387286730E-02  2.280665322E-02 -4.183669367E-04  2.416183727E-02  2.374736003E-02
@times:   129   4.580000000E+02
@energies:  4.580000000E+02  1.843929751E-01  3.017107779E-24  3.129311809E-24  2.030857563E-07  1.194941594E-24  1.198531167E-24
@growth_rates:  4.555000000E+02 -6.084519627E-07  2.396530606E-02  2.282863225E-02 -4.542235559E-04  2.395658084E-02  2.421959165E-02
@times:   130   4.630000000E+02
@energies:  4.630000000E+02  1.843919608E-01  3.829216921E-24  3.942016540E-24  2.022824215E-07  1.523569933E-24  1.523669805E-24
@growth_rates:  4.605000000E+02 -5.500875790E-07  2.383616394E-02  2.308792935E-02 -3.963487250E-04  2.429589126E-02  2.400249905E-02
@times:   131   4.680000000E+02
@energies:  4.680000000E+02  1.843913546E-01  4.871744089E-24  4.976014808E-24  2.024721786E-07  1.938098517E-24  1.941352326E-24
@growth_rates:  4.655000000E+02 -3.287408347E-07  2.407916792E-02  2.329369267E-02  9.376403995E-05  2.406511248E-02  2.422630353E-02
@times:   132   4.730000000E+02
@energies:  4.730000000E+02  1.843909302E-01  6.187663490E-24  6.281316667E-24  2.027174178E-07  2.470137764E-24  2.470674034E-24
@growth_rates:  4.705000000E+02 -2.301447813E-07  2.391055480E-02  2.329502875E-02  1.210490924E-04  2.425665779E-02  2.411061959E-02
@times:   133   4.780000000E+02
@energies:  4.780000000E+02  1.843902621E-01  7.869817430E-24  7.936128029E-24  2.021615317E-07  3.146553538E-24  3.148480723E-24
@growth_rates:  4.755000000E+02 -3.623262911E-07  2.404773139E-02  2.338458837E-02 -2.745938766E-04  2.420338148E-02  2.424290246E-02
@times:   134   4.830000000E+02
@energies:  4.830000000E+02  1.843892548E-01  1.015801568E-23  1.014976172E-23  2.014216257E-07  4.009948129E-24  4.011964729E-24
@growth_rates:  4.805000000E+02 -5.462999013E-07  2.552282521E-02  2.460247267E-02 -3.666688464E-04  2.424705668E-02  2.423610524E-02
@times:   135   4.880000000E+02
@energies:  4.880000000E+02  1.843881750E-01  1.288042688E-23  1.287790327E-23  2.007717418E-07  5.112119182E-24  5.111532940E-24
@growth_rates:  4.855000000E+02 -5.856149586E-07  2.374457468E-02  2.380626886E-02 -3.231701467E-04  2.428357252E-02  2.422182689E-02
@times:   136   4.930000000E+02
@energies:  4.930000000E+02  1.843873693E-01  1.634252207E-23  1.634628270E-23  2.007801044E-07  6.510458697E-24  6.515093983E-24
@growth_rates:  4.905000000E+02 -4.369780319E-07  2.380615641E-02  2.384875957E-02  4.165130773E-06  2.417958832E-02  2.426222887E-02
@times:   137   4.980000000E+02
@energies:  4.980000000E+02  1.843868933E-01  2.074857831E-23  2.074444909E-23  2.010855859E-07  8.300941488E-24  8.296853663E-24
@growth_rates:  4.955000000E+02 -2.581385552E-07  2.387073024E-02  2.382781835E-02  1.520316923E-04  2.429590265E-02  2.417547300E-02
@times:   138   5.030000000E+02
@energies:  5.030000000E+02  1.843863890E-01  2.634244723E-23  2.634040116E-23  2.006962835E-07  1.057432473E-23  1.058235214E-23
@growth_rates:  5.005000000E+02 -2.735180464E-07  2.387038718E-02  2.388252293E-02 -1.937880335E-04  2.420599273E-02  2.433113550E-02
@times:   139   5.080000000E+02
@energies:  5.080000000E+02  1.843855306E-01  3.346983607E-23  3.346394158E-23  2.001085151E-07  1.349139936E-23  1.348353775E-23
@growth_rates:  5.055000000E+02 -4.655034756E-07  2.394630162E-02  2.393645619E-02 -2.932942653E-04  2.436235301E-02  2.422817944E-02
@times:   140   5.130000000E+02
@energies:  5.130000000E+02  1.843844394E-01  4.255446234E-23  4.253962683E-23  1.993975205E-07  1.718959306E-23  1.720062786E-23
@growth_rates:  5.105000000E+02 -5.918350404E-07  2.401401050E-02  2.399675493E-02 -3.559372211E-04  2.422517480E-02  2.434763712E-02
@times:   141   5.180000000E+02
@energies:  5.180000000E+02  1.843835146E-01  5.410258206E-23  5.408530977E-23  1.988380399E-07  2.192241313E-23  2.191182145E-23
@growth_rates:  5.155000000E+02 -5.015371909E-07  2.400971898E-02  2.401265731E-02 -2.809799250E-04  2.432053980E-02  2.420803968E-02
@times:   142   5.230000000E+02
@energies:  5.230000000E+02  1.843829531E-01  6.879904054E-23  6.876139037E-23  1.989958073E-07  2.792956115E-23  2.794151829E-23
@growth_rates:  5.205000000E+02 -3.045664292E-07  2.403078870E-02  2.400797904E-02  7.931321246E-05  2.421761234E-02  2.430874097E-02
@times:   143   5.280000000E+02
@energies:  5.280000000E+02  1.843825172E-01  8.745712690E-23  8.743246317E-23  1.988345570E-07  3.561255272E-23  3.560233321E-23
@growth_rates:  5.255000000E+02 -2.363696433E-07  2.399588958E-02  2.402242449E-02 -8.106485767E-05  2.430125126E-02  2.422974820E-02
@times:   144   5.330000000E+02
@energies:  5.330000000E+02  1.843818221E-01  1.112239305E-22  1.111607192E-22  1.982172939E-07  4.538768084E-23  4.539620794E-23
@growth_rates:  5.305000000E+02 -3.769793097E-07  2.403968658E-02  2.401104286E-02 -3.109234183E-04  2.425425410E-02  2.430174009E-02
@times:   145   5.380000000E+02
@energies:  5.380000000E+02  1.843807950E-01  1.414910173E-22  1.414492420E-22  1.976242698E-07  5.787361693E-23  5.786879010E-23
@growth_rates:  5.355000000E+02 -5.570972945E-07  2.406906720E-02  2.409638648E-02 -2.996272334E-04  2.430208934E-02  2.427496320E-02
@times:   146   5.430000000E+02
@energies:  5.430000000E+02  1.843797651E-01  1.800553887E-22  1.799532978E-22  1.968689284E-07  7.377082338E-23  7.376935006E-23
@growth_rates:  5.405000000E+02 -5.585796117E-07  2.410282857E-02  2.407564211E-02 -3.829431551E-04  2.427016917E-02  2.427651264E-02
@times:   147   5.480000000E+02
@energies:  5.480000000E+02  1.843790740E-01  2.290009236E-22  2.289184712E-22  1.966500391E-07  9.401035917E-23  9.401743631E-23
@growth_rates:  5.455000000E+02 -3.748065873E-07  2.404615181E-02  2.406685588E-02 -1.112471544E-04  2.424416738E-02  2.425369232E-02
@times:   148   5.530000000E+02
@energies:  5.530000000E+02  1.843786413E-01  2.913048554E-22  2.911466242E-22  1.966904441E-07  1.198221815E-22  1.198032699E-22
@growth_rates:  5.505000000E+02 -2.346695137E-07  2.406442954E-02  2.404610843E-02  2.054457783E-05  2.426038432E-02  2.423707223E-02
@times:   149   5.580000000E+02
@energies:  5.580000000E+02  1.843780738E-01  3.704992571E-22  3.703457553E-22  1.960997884E-07  1.526928222E-22  1.527174246E-22
@growth_rates:  5.555000000E+02 -3.078162900E-07  2.404811077E-02  2.406100397E-02 -3.007489095E-04  2.424193823E-02  2.427383356E-02
@times:   150   5.630000000E+02
@energies:  5.630000000E+02  1.843771780E-01  4.712995658E-22  4.710575957E-22  1.953155831E-07  1.946747682E-22  1.946320034E-22
@growth_rates:  5.605000000E+02 -4.858470292E-07  2.406424730E-02  2.405433273E-02 -4.007029060E-04  2.429021052E-02  2.425212980E-02
@times:   151   5.680000000E+02
@energies:  5.680000000E+02  1.843761517E-01  5.996749918E-22  5.993896655E-22  1.945421970E-07  2.481100829E-22  2.481541162E-22
@growth_rates:  5.655000000E+02 -5.566281305E-07  2.408939155E-02  2.409315430E-02 -3.967534224E-04  2.425422195E-02  2.429393760E-02
@times:   152   5.730000000E+02
@energies:  5.730000000E+02  1.843753208E-01  7.630867476E-22  7.627199320E-22  1.941091683E-07  3.162578912E-22  3.161889812E-22
@growth_rates:  5.705000000E+02 -4.506490520E-07  2.409838894E-02  2.409789889E-02 -2.228367137E-04  2.426854618E-02  2.422900869E-02
@times:   153   5.780000000E+02
@energies:  5.780000000E+02  1.843747979E-01  9.706941790E-22  9.702095841E-22  1.940319966E-07  4.028606710E-22  4.029189334E-22
@growth_rates:  5.755000000E+02 -2.836197087E-07  2.406397464E-02  2.406212119E-02 -3.976473326E-05  2.420327806E-02  2.423953073E-02
@times:   154   5.830000000E+02
@energies:  5.830000000E+02  1.843743381E-01  1.234538716E-21  1.233974614E-21  1.935094266E-07  5.134395388E-22  5.133499464E-22
@growth_rates:  5.805000000E+02 -2.493840954E-07  2.404412058E-02  2.404835183E-02 -2.696848824E-04  2.425415065E-02  2.422223856E-02
@times:   155   5.880000000E+02
@energies:  5.880000000E+02  1.843736013E-01  1.570380640E-21  1.569552098E-21  1.928228873E-07  6.543198731E-22  6.543731689E-22
@growth_rates:  5.855000000E+02 -3.996252754E-07  2.406206450E-02  2.405499370E-02 -3.554142590E-04  2.424640553E-02  2.427200140E-02
@times:   156   5.930000000E+02
@energies:  5.930000000E+02  1.843725904E-01  1.997842780E-21  1.996939887E-21  1.921612435E-07  8.339582275E-22  8.338633690E-22
@growth_rates:  5.905000000E+02 -5.482872045E-07  2.407499524E-02  2.408256617E-02 -3.437255507E-04  2.425869797E-02  2.423917794E-02
@times:   157   5.980000000E+02
@energies:  5.980000000E+02  1.843716526E-01  2.542183326E-21  2.540825525E-21  1.914757822E-07  1.062571073E-21  1.062586211E-21
@growth_rates:  5.955000000E+02 -5.086294341E-07  2.409553005E-02  2.408730856E-02 -3.573492872E-04  2.422634769E-02  2.423914744E-02
@times:   158   6.030000000E+02
@energies:  6.030000000E+02  1.843710348E-01  3.233992270E-21  3.232518460E-21  1.912785378E-07  1.353743917E-21  1.353666050E-21
@growth_rates:  6.005000000E+02 -3.350825332E-07  2.406940822E-02  2.407725044E-02 -1.030658031E-04  2.421825135E-02  2.421107466E-02
@times:   159   6.080000000E+02
@energies:  6.080000000E+02  1.843706006E-01  4.112925177E-21  4.110710433E-21  1.909157933E-07  1.724487243E-21  1.724416529E-21
@growth_rates:  6.055000000E+02 -2.355167048E-07  2.404171263E-02  2.403343260E-02 -1.898220702E-04  2.420557302E-02  2.420722446E-02
@times:   160   6.130000000E+02
@energies:  6.130000000E+02  1.843700044E-01  5.229980534E-21  5.227477771E-21  1.901445576E-07  2.197068924E-21  2.197032562E-21
@growth_rates:  6.105000000E+02 -3.233405344E-07  2.402730587E-02  2.403330317E-02 -4.047845519E-04  2.421944089E-02  2.422188652E-02
@times:   161   6.180000000E+02
@energies:  6.180000000E+02  1.843690951E-01  6.652905259E-21  6.649417700E-21  1.895696874E-07  2.799530803E-21  2.799311662E-21
@growth_rates:  6.155000000E+02 -4.932196229E-07  2.406460842E-02  2.406003869E-02 -3.027911894E-04  2.423276680E-02  2.422659374E-02
@times:   162   6.230000000E+02
@energies:  6.230000000E+02  1.843681026E-01  8.464122732E-21  8.460047432E-21  1.888908421E-07  3.566436982E-21  3.566455363E-21
@growth_rates:  6.205000000E+02 -5.383007418E-07  2.407827352E-02  2.408254934E-02 -3.587407408E-04  2.421152205E-02  2.421986550E-02
@times:   163   6.280000000E+02
@energies:  6.280000000E+02  1.843673665E-01  1.076665441E-20  1.076104098E-20  1.884020841E-07  4.542837830E-21  4.542403736E-21
@growth_rates:  6.255000000E+02 -3.992763089E-07  2.406174277E-02  2.405775153E-02 -2.590869078E-04  2.419848363E-02  2.418841224E-02
@times:   164   6.330000000E+02
@energies:  6.330000000E+02  1.843669028E-01  1.369152228E-20  1.368463807E-20  1.882502352E-07  5.785104553E-21  5.785159276E-21
@growth_rates:  6.305000000E+02 -2.515238667E-07  2.403230267E-02  2.403415994E-02 -8.063079701E-05  2.417345442E-02  2.418395636E-02
@times:   165   6.380000000E+02
@energies:  6.380000000E+02  1.843663976E-01  1.740932332E-20  1.740030766E-20  1.876930346E-07  7.368016600E-21  7.367303121E-21
@growth_rates:  6.355000000E+02 -2.740179994E-07  2.402290557E-02  2.402139928E-02 -2.964282163E-04  2.418621183E-02  2.417558197E-02
@times:   166   6.430000000E+02
@energies:  6.430000000E+02  1.843656094E-01  2.213722858E-20  2.212573035E-20  1.870021099E-07  9.383855067E-21  9.383849393E-21
@growth_rates:  6.405000000E+02 -4.275035902E-07  2.402548569E-02  2.402533129E-02 -3.687934033E-04  2.418421145E-02  2.419383493E-02
@times:   167   6.480000000E+02
@energies:  6.480000000E+02  1.843646387E-01  2.815400018E-20  2.813943791E-20  1.864463806E-07  1.195210039E-20  1.195105942E-20
@growth_rates:  6.455000000E+02 -5.265076358E-07  2.404287044E-02  2.404308760E-02 -2.976205371E-04  2.419163612E-02  2.418298669E-02
@times:   168   6.530000000E+02
@energies:  6.530000000E+02  1.843637925E-01  3.580849604E-20  3.578946485E-20  1.860023675E-07  1.521921913E-20  1.521895216E-20
@growth_rates:  6.505000000E+02 -4.589805001E-07  2.404957379E-02  2.404814955E-02 -2.384292436E-04  2.416520179E-02  2.417215749E-02
@times:   169   6.580000000E+02
@energies:  6.580000000E+02  1.843632348E-01  4.553123361E-20  4.550763846E-20  1.857979522E-07  1.937503172E-20  1.937361398E-20
@growth_rates:  6.555000000E+02 -3.025194952E-07  2.402133586E-02  2.402266179E-02 -1.099597266E-04  2.414261667E-02  2.413705326E-02
@times:   170   6.630000000E+02
@energies:  6.630000000E+02  1.843627919E-01  5.787811722E-20  5.784693244E-20  1.853609696E-07  2.466237489E-20  2.466149636E-20
@growth_rates:  6.605000000E+02 -2.402252007E-07  2.399408289E-02  2.399202361E-02 -2.354694017E-04  2.412935859E-02  2.413311396E-02
@times:   171   6.680000000E+02
@energies:  6.680000000E+02  1.843621451E-01  7.356990386E-20  7.353152136E-20  1.847572892E-07  3.139853503E-20  3.139664804E-20
@growth_rates:  6.655000000E+02 -3.508107770E-07  2.398966548E-02  2.399137502E-02 -3.262097256E-04  2.414824385E-02  2.414579613E-02
@times:   172   6.730000000E+02
@energies:  6.730000000E+02  1.843612266E-01  9.353004293E-20  9.347922654E-20  1.843101573E-07  3.997371499E-20  3.997165197E-20
@growth_rates:  6.705000000E+02 -4.982241149E-07  2.400466724E-02  2.400250593E-02 -2.423037366E-04  2.414608760E-02  2.414693650E-02
@times:   173   6.780000000E+02
@energies:  6.780000000E+02  1.843603082E-01  1.189175858E-19  1.188549179E-19  1.839126594E-07  5.088078149E-20  5.087822732E-20
@growth_rates:  6.755000000E+02 -4.981242084E-07  2.401479970E-02  2.401643364E-02 -2.159008282E-04  2.412631656E-02  2.412645759E-02
@times:   174   6.830000000E+02
@energies:  6.830000000E+02  1.843596549E-01  1.511838658E-19  1.511014192E-19  1.837484418E-07  6.475043089E-20  6.474636393E-20
@growth_rates:  6.805000000E+02 -3.543802502E-07  2.400660539E-02  2.400476896E-02 -8.933097253E-05  2.410550768E-02  2.410424656E-02
@times:   175   6.880000000E+02
@energies:  6.880000000E+02  1.843592049E-01  1.921302553E-19  1.920278592E-19  1.834898405E-07  8.238260012E-20  8.237887099E-20
@growth_rates:  6.855000000E+02 -2.440699620E-07  2.396768044E-02  2.396892001E-02 -1.408357082E-04  2.408338959E-02  2.408514405E-02
@times:   176   6.930000000E+02
@energies:  6.930000000E+02  1.843586603E-01  2.441070610E-19  2.439738187E-19  1.829617714E-07  1.048180966E-19  1.048108690E-19
@growth_rates:  6.905000000E+02 -2.954329477E-07  2.394333489E-02  2.394204574E-02 -2.882069528E-04  2.408521838E-02  2.408284941E-02
@times:   177   6.980000000E+02
@energies:  6.980000000E+02  1.843578443E-01  3.101829688E-19  3.100159487E-19  1.826533419E-07  1.333745391E-19  1.333685461E-19
@growth_rates:  6.955000000E+02 -4.426052945E-07  2.395554415E-02  2.395628244E-02 -1.687181990E-04  2.409348192E-02  2.409588410E-02
@times:   178   7.030000000E+02
@energies:  7.030000000E+02  1.843569074E-01  3.942312701E-19  3.940162636E-19  1.823823983E-07  1.696954728E-19  1.696833620E-19
@growth_rates:  7.005000000E+02 -5.081883794E-07  2.397753718E-02  2.397684431E-02 -1.484477104E-04  2.408442400E-02  2.408178046E-02
@times:   179   7.080000000E+02
@energies:  7.080000000E+02  1.843561482E-01  5.009950314E-19  5.007228504E-19  1.821203128E-07  2.158423351E-19  2.158320682E-19
@growth_rates:  7.055000000E+02 -4.118389945E-07  2.396584666E-02  2.396605685E-02 -1.438044561E-04  2.405427169E-02  2.405665196E-02
@times:   180   7.130000000E+02
@energies:  7.130000000E+02  1.843556505E-01  6.364548920E-19  6.361078421E-19  1.820034069E-07  2.744833980E-19  2.744640442E-19
@growth_rates:  7.105000000E+02 -2.699636540E-07  2.393173631E-02  2.393153570E-02 -6.421218322E-05  2.403425672E-02  2.403196225E-02
@times:   181   7.180000000E+02
@energies:  7.180000000E+02  1.843551786E-01  8.083437252E-19  8.079018360E-19  1.816827914E-07  3.490258523E-19  3.490075997E-19
@growth_rates:  7.155000000E+02 -2.559573128E-07  2.390738238E-02  2.390724490E-02 -1.763144121E-04  2.402552165E-02  2.402734317E-02
@times:   182   7.230000000E+02
@energies:  7.230000000E+02  1.843544736E-01  1.026615186E-18  1.026055441E-18  1.813278952E-07  4.438353502E-19  4.438049112E-19
@growth_rates:  7.205000000E+02 -3.824023611E-07  2.390350718E-02  2.390364990E-02 -1.955294040E-04  2.403076660E-02  2.402913791E-02
@times:   183   7.280000000E+02
@energies:  7.280000000E+02  1.843535689E-01  1.303992402E-18  1.303277169E-18  1.811199670E-07  5.643780315E-19  5.643456016E-19
@growth_rates:  7.255000000E+02 -4.907576496E-07  2.391634737E-02  2.391602105E-02 -1.147354991E-04  2.402706349E-02  2.402817560E-02
@times:   184   7.330000000E+02
@energies:  7.330000000E+02  1.843527340E-01  1.656397061E-18  1.655494085E-18  1.809722576E-07  7.175437776E-19  7.174959758E-19
@growth_rates:  7.305000000E+02 -4.528648318E-07  2.392141617E-02  2.392175137E-02 -8.158665463E-05  2.401096642E-02  2.401005063E-02
@times:   185   7.380000000E+02
@energies:  7.380000000E+02  1.843521473E-01  2.103534163E-18  2.102377913E-18  1.809111863E-07  9.119914489E-19  9.119349743E-19
@growth_rates:  7.355000000E+02 -3.182796515E-07  2.389740665E-02  2.389695383E-02 -3.375191829E-05  2.397966540E-02  2.398013485E-02
@times:   186   7.430000000E+02
@energies:  7.430000000E+02  1.843516967E-01  2.670454955E-18  2.668999012E-18  1.806642996E-07  1.158908112E-18  1.158833143E-18
@growth_rates:  7.405000000E+02 -2.443760898E-07  2.386299879E-02  2.386344565E-02 -1.365616537E-04  2.396029441E-02  2.396001796E-02
@times:   187   7.480000000E+02
@energies:  7.480000000E+02  1.843511044E-01  3.389645901E-18  3.387783862E-18  1.803221181E-07  1.472755605E-18  1.472658254E-18
@growth_rates:  7.455000000E+02 -3.212932290E-07  2.384766088E-02  2.384724796E-02 -1.895814018E-04  2.396569285E-02  2.396555156E-02
@times:   188   7.530000000E+02
@energies:  7.530000000E+02  1.843502669E-01  4.302725970E-18  4.300380335E-18  1.801454839E-07  1.871648132E-18  1.871529141E-18
@growth_rates:  7.505000000E+02 -4.543190574E-07  2.385233066E-02  2.385274891E-02 -9.800284654E-05  2.396841890E-02  2.396867154E-02
@times:   189   7.580000000E+02
@energies:  7.580000000E+02  1.843493885E-01  5.462419935E-18  5.459427461E-18  1.800200857E-07  2.378220126E-18  2.378056226E-18
@growth_rates:  7.555000000E+02 -4.764799625E-07  2.386431346E-02  2.386404549E-02 -6.963364614E-05  2.395329653E-02  2.395276233E-02
@times:   190   7.630000000E+02
@energies:  7.630000000E+02  1.843487174E-01  6.934029170E-18  6.930252271E-18  1.799837186E-07  3.021110678E-18  3.020918072E-18
@growth_rates:  7.605000000E+02 -3.640284217E-07  2.385491511E-02  2.385522917E-02 -2.020368824E-05  2.392721763E-02  2.392773401E-02
@times:   191   7.680000000E+02
@energies:  7.680000000E+02  1.843482437E-01  8.799089348E-18  8.794282499E-18  1.798045921E-07  3.836869321E-18  3.836601013E-18
@growth_rates:  7.655000000E+02 -2.569472160E-07  2.382071788E-02  2.382055790E-02 -9.957328537E-05  2.390322149E-02  2.390260394E-02
@times:   192   7.730000000E+02
@energies:  7.730000000E+02  1.843477270E-01  1.116232223E-17  1.115625553E-17  1.794043589E-07  4.872533012E-18  4.872217234E-18
@growth_rates:  7.705000000E+02 -2.802990941E-07  2.378957880E-02  2.378985807E-02 -2.228415725E-04  2.389571746E-02  2.389622958E-02
@times:   193   7.780000000E+02
@energies:  7.780000000E+02  1.843469879E-01  1.415994772E-17  1.415224476E-17  1.792356478E-07  6.188152080E-18  6.187715172E-18
@growth_rates:  7.755000000E+02 -4.009445877E-07  2.378733752E-02  2.378728768E-02 -9.408378652E-05  2.390225814E-02  2.390167849E-02
@times:   194   7.830000000E+02
@energies:  7.830000000E+02  1.843461153E-01  1.796580140E-17  1.795606902E-17  1.791851293E-07  7.858626321E-18  7.858107800E-18
@growth_rates:  7.805000000E+02 -4.733248250E-07  2.380526325E-02  2.380549130E-02 -2.818952863E-05  2.389753138E-02  2.389799370E-02
@times:   195   7.880000000E+02
@energies:  7.880000000E+02  1.843453574E-01  2.279425388E-17  2.278192531E-17  1.790656240E-07  9.977532451E-18  9.976823490E-18
@growth_rates:  7.855000000E+02 -4.111290340E-07  2.380384526E-02  2.380393073E-02 -6.671601399E-05  2.387239876E-02  2.387189125E-02
@times:   196   7.930000000E+02
@energies:  7.930000000E+02  1.843448239E-01  2.891083709E-17  2.889523777E-17  1.789305787E-07  1.266392376E-17  1.266307374E-17
@growth_rates:  7.905000000E+02 -2.894131723E-07  2.377080296E-02  2.377093263E-02 -7.544507841E-05  2.384214918E-02  2.384254270E-02
@times:   197   7.980000000E+02
@energies:  7.980000000E+02  1.843443554E-01  3.665682735E-17  3.663711341E-17  1.786093345E-07  1.607217978E-17  1.607104331E-17
@growth_rates:  7.955000000E+02 -2.541539919E-07  2.373831853E-02  2.373849557E-02 -1.796970488E-04  2.383325112E-02  2.383289215E-02
@times:   198   8.030000000E+02
@energies:  8.030000000E+02  1.843437144E-01  4.647294684E-17  4.644801746E-17  1.783119646E-07  2.039770980E-17  2.039630655E-17
@growth_rates:  8.005000000E+02 -3.477408239E-07  2.372706589E-02  2.372720290E-02 -1.666305496E-04  2.383328166E-02  2.383347323E-02
@times:   199   8.080000000E+02
@energies:  8.080000000E+02  1.843428798E-01  5.892290160E-17  5.889142305E-17  1.782200188E-07  2.588666166E-17  2.588484167E-17
@growth_rates:  8.055000000E+02 -4.527228378E-07  2.373594819E-02  2.373616781E-02 -5.157782660E-05  2.383052124E-02  2.383037009E-02
@times:   200   8.130000000E+02
@energies:  8.130000000E+02  1.843420683E-01  7.471356211E-17  7.467378663E-17  1.781358216E-07  3.284874230E-17  3.284643764E-17
@growth_rates:  8.105000000E+02 -4.402264118E-07  2.374317931E-02  2.374336540E-02 -4.725460520E-05  2.381856156E-02  2.381857619E-02
@times:   201   8.180000000E+02
@energies:  8.180000000E+02  1.843414628E-01  9.471739042E-17  9.466717438E-17  1.780137456E-07  4.167043983E-17  4.166751354E-17
@growth_rates:  8.155000000E+02 -3.284216824E-07  2.372359903E-02  2.372381974E-02 -6.855318733E-05  2.378785424E-02  2.378784777E-02
@times:   202   8.230000000E+02
@energies:  8.230000000E+02  1.843409952E-01  1.200355874E-16  1.199721384E-16  1.777186672E-07  5.284916163E-17  5.284543017E-17
@growth_rates:  8.205000000E+02 -2.536937850E-07  2.368906402E-02  2.368922236E-02 -1.658991217E-04  2.376498487E-02  2.376494672E-02
@times:   203   8.280000000E+02
@energies:  8.280000000E+02  1.843404371E-01  1.520871502E-16  1.520072240E-16  1.773399533E-07  6.702633083E-17  6.702161234E-17
@growth_rates:  8.255000000E+02 -3.027683651E-07  2.366654527E-02  2.366685102E-02 -2.133248207E-04  2.376436906E-02  2.376438991E-02
@times:   204   8.330000000E+02
@energies:  8.330000000E+02  1.843396737E-01  1.926985537E-16  1.925975852E-16  1.771907776E-07  8.500694721E-17  8.500089668E-17
@growth_rates:  8.305000000E+02 -4.141005229E-07  2.366733570E-02  2.366749149E-02 -8.415388826E-05  2.376474453E-02  2.376466660E-02
@times:   205   8.380000000E+02
@energies:  8.380000000E+02  1.843388412E-01  2.441787553E-16  2.440516640E-16  1.771411835E-07  1.078015174E-16  1.077939161E-16
@growth_rates:  8.355000000E+02 -4.516215971E-07  2.367734906E-02  2.367769793E-02 -2.799300035E-05  2.375587499E-02  2.375594140E-02
@times:   206   8.430000000E+02
@energies:  8.430000000E+02  1.843381598E-01  3.093912795E-16  3.092308731E-16  1.770487478E-07  1.366754324E-16  1.366656392E-16
@growth_rates:  8.405000000E+02 -3.696215810E-07  2.367061917E-02  2.367082197E-02 -5.219555375E-05  2.373172734E-02  2.373161332E-02
@times:   207   8.480000000E+02
@energies:  8.480000000E+02  1.843376596E-01  3.919037834E-16  3.917017254E-16  1.767968917E-07  1.732334630E-16  1.732212651E-16
@growth_rates:  8.455000000E+02 -2.713708920E-07  2.364096067E-02  2.364124853E-02 -1.423536748E-04  2.370311737E-02  2.370324138E-02
@times:   208   8.530000000E+02
@energies:  8.530000000E+02  1.843371549E-01  4.962562604E-16  4.960017312E-16  1.763500444E-07  2.195446345E-16  2.195288878E-16
@growth_rates:  8.505000000E+02 -2.737793265E-07  2.360760881E-02  2.360787715E-02 -2.530660658E-04  2.369153760E-02  2.369140646E-02
@times:   209   8.580000000E+02
@energies:  8.580000000E+02  1.843364756E-01  6.283281711E-16  6.280077893E-16  1.761193933E-07  2.782410893E-16  2.782214437E-16
@growth_rates:  8.555000000E+02 -3.684982393E-07  2.359701482E-02  2.359731527E-02 -1.308772457E-04  2.369324077E-02  2.369335256E-02
@times:   210   8.630000000E+02
@energies:  8.630000000E+02  1.843356630E-01  7.956494110E-16  7.952460573E-16  1.761286309E-07  3.526258779E-16  3.526005641E-16
@growth_rates:  8.605000000E+02 -4.408441407E-07  2.360960549E-02  2.360990031E-02  5.244904270E-06  2.369196935E-02  2.369185130E-02
@times:   211   8.680000000E+02
@energies:  8.680000000E+02  1.843349161E-01  1.007555588E-15  1.007048290E-15  1.760479199E-07  4.468011359E-16  4.467695037E-16
@growth_rates:  8.655000000E+02 -4.051631205E-07  2.361238160E-02  2.361272728E-02 -4.583552705E-05  2.367059504E-02  2.367069401E-02
@times:   212   8.730000000E+02
@energies:  8.730000000E+02  1.843343572E-01  1.275578753E-15  1.274940065E-15  1.758254267E-07  5.659494645E-16  5.659089784E-16
@growth_rates:  8.705000000E+02 -3.032399824E-07  2.358728118E-02  2.358756030E-02 -1.264620920E-04  2.363911795E-02  2.363904398E-02
@times:   213   8.780000000E+02
@energies:  8.780000000E+02  1.843338802E-01  1.614315769E-15  1.613513102E-15  1.754479189E-07  7.167505861E-16  7.166997561E-16
@growth_rates:  8.755000000E+02 -2.587482756E-07  2.355111949E-02  2.355146832E-02 -2.149368804E-04  2.362231336E-02  2.362237531E-02
@times:   214   8.830000000E+02
@energies:  8.830000000E+02  1.843332809E-01  2.042613878E-15  2.041604172E-15  1.751408787E-07  9.077137988E-16  9.076492578E-16
@growth_rates:  8.805000000E+02 -3.251257684E-07  2.353191060E-02  2.353220046E-02 -1.751569140E-04  2.362012069E-02  2.362010213E-02
@times:   215   8.880000000E+02
@energies:  8.880000000E+02  1.843325086E-01  2.584697421E-15  2.583429810E-15  1.751099209E-07  1.149534309E-15  1.149452691E-15
@growth_rates:  8.855000000E+02 -4.189644139E-07  2.353781490E-02  2.353820422E-02 -1.767752749E-05  2.361830615E-02  2.361831627E-02
@times:   216   8.930000000E+02
@energies:  8.930000000E+02  1.843317261E-01  3.270878605E-15  3.269285610E-15  1.751206633E-07  1.455588676E-15  1.455485250E-15
@growth_rates:  8.905000000E+02 -4.245206727E-07  2.354501862E-02  2.354535937E-02  6.134503010E-06  2.360534953E-02  2.360534423E-02
@times:   217   8.980000000E+02
@energies:  8.980000000E+02  1.843311052E-01  4.138581926E-15  4.136581480E-15  1.749840837E-07  1.842622553E-15  1.842492179E-15
@growth_rates:  8.955000000E+02 -3.368202328E-07  2.352945639E-02  2.352982239E-02 -7.802217032E-05  2.357794504E-02  2.357797502E-02
@times:   218   9.030000000E+02
@energies:  9.030000000E+02  1.843306174E-01  5.234722640E-15  5.232210273E-15  1.746593383E-07  2.331947533E-15  2.331782694E-15
@growth_rates:  9.005000000E+02 -2.646617102E-07  2.349606618E-02  2.349640860E-02 -1.857580983E-04  2.355139118E-02  2.355139794E-02
@times:   219   9.080000000E+02
@energies:  9.080000000E+02  1.843300776E-01  6.619318740E-15  6.616166625E-15  1.743164517E-07  2.950939408E-15  2.950731556E-15
@growth_rates:  9.055000000E+02 -2.927967441E-07  2.346785943E-02  2.346823394E-02 -1.965102886E-04  2.354197936E-02  2.354200451E-02
@times:   220   9.130000000E+02
@energies:  9.130000000E+02  1.843293710E-01  8.369748921E-15  8.365793478E-15  1.742394026E-07  3.734279977E-15  3.734017667E-15
@growth_rates:  9.105000000E+02 -3.833462264E-07  2.346314313E-02  2.346350443E-02 -4.421049036E-05  2.354314596E-02  2.354316519E-02
@times:   221   9.180000000E+02
@energies:  9.180000000E+02  1.843285853E-01  1.058402347E-14  1.057906686E-14  1.743187610E-07  4.725194697E-15  4.724862445E-15
@growth_rates:  9.155000000E+02 -4.262512916E-07  2.347217581E-02  2.347260373E-02  4.553527520E-05  2.353537431E-02  2.353536718E-02
@times:   222   9.230000000E+02
@energies:  9.230000000E+02  1.843279023E-01  1.338339259E-14  1.337717437E-14  1.743043932E-07  5.977638975E-15  5.977221442E-15
@growth_rates:  9.205000000E+02 -3.705608978E-07  2.346689350E-02  2.346726252E-02 -8.242593627E-06  2.351169040E-02  2.351173697E-02
@times:   223   9.280000000E+02
@energies:  9.280000000E+02  1.843273777E-01  1.691838390E-14  1.691059146E-14  1.740769626E-07  7.559836785E-15  7.559309753E-15
@growth_rates:  9.255000000E+02 -2.845770025E-07  2.343862554E-02  2.343902899E-02 -1.305641925E-04  2.348239309E-02  2.348240654E-02
@times:   224   9.330000000E+02
@energies:  9.330000000E+02  1.843268763E-01  2.137987785E-14  2.137011245E-14  1.737213422E-07  9.559103537E-15  9.558440906E-15
@growth_rates:  9.305000000E+02 -2.720073199E-07  2.340493572E-02  2.340531923E-02 -2.044981506E-04  2.346443497E-02  2.346447451E-02
@times:   225   9.380000000E+02
@energies:  9.380000000E+02  1.843262388E-01  2.701354076E-14  2.700131153E-14  1.735934549E-07  1.208692500E-14  1.208608980E-14
@growth_rates:  9.355000000E+02 -3.458681358E-07  2.338880577E-02  2.338921086E-02 -7.364343814E-05  2.346303399E-02  2.346305593E-02
@times:   226   9.430000000E+02
@energies:  9.430000000E+02  1.843254759E-01  3.413366296E-14  3.411835779E-14  1.737399515E-07  1.528295940E-14  1.528190777E-14
@growth_rates:  9.405000000E+02 -4.138754321E-07  2.339458310E-02  2.339501510E-02  8.435500114E-05  2.346141528E-02  2.346144423E-02
@times:   227   9.480000000E+02
@energies:  9.480000000E+02  1.843247489E-01  4.313205563E-14  4.311289973E-14  1.738309055E-07  1.932042125E-14  1.931909583E-14
@growth_rates:  9.455000000E+02 -3.944434916E-07  2.339823897E-02  2.339866589E-02  5.233696135E-05  2.344241895E-02  2.344243978E-02
@times:   228   9.530000000E+02
@energies:  9.530000000E+02  1.843241729E-01  5.449134621E-14  5.446737693E-14  1.736960896E-07  2.441695548E-14  2.441529406E-14
@growth_rates:  9.505000000E+02 -3.124984708E-07  2.337754332E-02  2.337796840E-02 -7.758586497E-05  2.341151554E-02  2.341157135E-02
@times:   229   9.580000000E+02
@energies:  9.580000000E+02  1.843236819E-01  6.881700952E-14  6.878702662E-14  1.734002023E-07  3.085099926E-14  3.084890575E-14
@growth_rates:  9.555000000E+02 -2.663332097E-07  2.334090419E-02  2.334132264E-02 -1.704929259E-04  2.338913529E-02  2.338915381E-02
@times:   230   9.630000000E+02
@energies:  9.630000000E+02  1.843231084E-01  8.688734532E-14  8.684985467E-14  1.732274921E-07  3.897801428E-14  3.897539412E-14
@growth_rates:  9.605000000E+02 -3.111544114E-07  2.331614524E-02  2.331656588E-02 -9.965175383E-05  2.338286099E-02  2.338292473E-02
@times:   231   9.680000000E+02
@energies:  9.680000000E+02  1.843223887E-01  1.097031671E-13  1.096563227E-13  1.733583027E-07  4.924516600E-14  4.924186993E-14
@growth_rates:  9.655000000E+02 -3.904752859E-07  2.331658390E-02  2.331703162E-02  7.548527603E-05  2.338134599E-02  2.338137495E-02
@times:   232   9.730000000E+02
@energies:  9.730000000E+02  1.843216403E-01  1.385191718E-13  1.384606842E-13  1.735512262E-07  6.220957914E-14  6.220543254E-14
@growth_rates:  9.705000000E+02 -4.060266664E-07  2.332305031E-02  2.332352813E-02  1.112241499E-04  2.336977827E-02  2.336980594E-02
@times:   233   9.780000000E+02
@energies:  9.780000000E+02  1.843210126E-01  1.748821596E-13  1.748090670E-13  1.735439423E-07  7.856585523E-14  7.856066468E-14
@growth_rates:  9.755000000E+02 -3.405599742E-07  2.331036330E-02  2.331079155E-02 -4.197105584E-06  2.334282000E-02  2.334287890E-02
@times:   234   9.830000000E+02
@energies:  9.830000000E+02  1.843205054E-01  2.207188494E-13  2.206276318E-13  1.733183477E-07  9.919433390E-14  9.918782802E-14
@growth_rates:  9.805000000E+02 -2.751643936E-07  2.327773438E-02  2.327820239E-02 -1.300772973E-04  2.331437015E-02  2.331441805E-02
@times:   235   9.880000000E+02
@energies:  9.880000000E+02  1.843199755E-01  2.784816741E-13  2.783677602E-13  1.731044315E-07  1.252228621E-13  1.252147139E-13
@growth_rates:  9.855000000E+02 -2.874782033E-07  2.324625381E-02  2.324667618E-02 -1.235001452E-04  2.330141521E-02  2.330146699E-02
@times:   236   9.930000000E+02
@energies:  9.930000000E+02  1.843193136E-01  3.513284208E-13  3.511864129E-13  1.731852543E-07  1.580792090E-13  1.580690095E-13
@growth_rates:  9.905000000E+02 -3.591207136E-07  2.323692027E-02  2.323740554E-02  4.667935079E-05  2.330011833E-02  2.330017313E-02
@times:   237   9.980000000E+02
@energies:  9.980000000E+02  1.843185714E-01  4.432607379E-13  4.430836158E-13  1.734384531E-07  1.995446595E-13  1.995318574E-13
@growth_rates:  9.955000000E+02 -4.026599160E-07  2.324367121E-02  2.324413278E-02  1.460943092E-04  2.329418383E-02  2.329422034E-02
@times:   238   1.003000000E+03
@energies:  1.003000000E+03  1.843178969E-01  5.592212752E-13  5.590006494E-13  1.735498165E-07  2.518303890E-13  2.518143815E-13
@growth_rates:  1.000500000E+03 -3.659077673E-07  2.323870659E-02  2.323921336E-02  6.418860658E-05  2.327177330E-02  2.327183249E-02
@times:   239   1.008000000E+03
@energies:  1.008000000E+03  1.843173553E-01  7.053303438E-13  7.050551710E-13  1.734201032E-07  3.177200665E-13  3.177000467E-13
@growth_rates:  1.005500000E+03 -2.938926668E-07  2.321210299E-02  2.321254216E-02 -7.476922364E-05  2.324148994E-02  2.324154534E-02
@times:   240   1.013000000E+03
@energies:  1.013000000E+03  1.843168509E-01  8.893172639E-13  8.889746304E-13  1.731842993E-07  4.007744255E-13  4.007494513E-13
@growth_rates:  1.010500000E+03 -2.736136034E-07  2.317877833E-02  2.317926414E-02 -1.360651352E-04  2.322280381E-02  2.322287340E-02
@times:   241   1.018000000E+03
@energies:  1.018000000E+03  1.843162459E-01  1.121079969E-12  1.120653176E-12  1.731733578E-07  5.055138792E-13  5.054826346E-13
@growth_rates:  1.015500000E+03 -3.282423249E-07  2.315937085E-02  2.315982889E-02 -6.318051507E-06  2.321767555E-02  2.321772627E-02
@times:   242   1.023000000E+03
@energies:  1.023000000E+03  1.843155297E-01  1.413258957E-12  1.412728108E-12  1.734505192E-07  6.376082177E-13  6.375691823E-13
@growth_rates:  1.020500000E+03 -3.885663060E-07  2.316058760E-02  2.316109552E-02  1.599205923E-04  2.321485214E-02  2.321491074E-02
@times:   243   1.028000000E+03
@energies:  1.028000000E+03  1.843148267E-01  1.781633085E-12  1.780972563E-12  1.736684338E-07  8.040990176E-13  8.040502579E-13
@growth_rates:  1.025500000E+03 -3.814150195E-07  2.316320527E-02  2.316369357E-02  1.255561417E-04  2.319984019E-02  2.319989846E-02
@times:   244   1.033000000E+03
@energies:  1.033000000E+03  1.843142425E-01  2.245623090E-12  2.244801853E-12  1.736204715E-07  1.013758737E-12  1.013697849E-12
@growth_rates:  1.030500000E+03 -3.169802932E-07  2.314526212E-02  2.314576569E-02 -2.762097678E-05  2.316978057E-02  2.316983830E-02
@times:   245   1.038000000E+03
@energies:  1.038000000E+03  1.843137384E-01  2.829475953E-12  2.828454217E-12  1.734057196E-07  1.277768338E-12  1.277692531E-12
@growth_rates:  1.035500000E+03 -2.735206391E-07  2.311084904E-02  2.311130935E-02 -1.237669863E-04  2.314501258E-02  2.314508597E-02
@times:   246   1.043000000E+03
@energies:  1.043000000E+03  1.843131819E-01  3.564144658E-12  3.562875268E-12  1.733146608E-07  1.610392292E-12  1.610297861E-12
@growth_rates:  1.040500000E+03 -3.018815133E-07  2.308325785E-02  2.308375291E-02 -5.252575234E-05  2.313627384E-02  2.313634282E-02
@times:   247   1.048000000E+03
@energies:  1.048000000E+03  1.843125083E-01  4.489377508E-12  4.487800409E-12  1.735376374E-07  2.029553433E-12  2.029435571E-12
@growth_rates:  1.045500000E+03 -3.654685943E-07  2.307899551E-02  2.307948169E-02  1.285714917E-04  2.313379766E-02  2.313385414E-02
@times:   248   1.053000000E+03
@energies:  1.053000000E+03  1.843117955E-01  5.655099909E-12  5.653142899E-12  1.738341385E-07  2.557567245E-12  2.557420446E-12
@growth_rates:  1.050500000E+03 -3.867352011E-07  2.308437243E-02  2.308489606E-02  1.707111629E-04  2.312407265E-02  2.312414020E-02
@times:   249   1.058000000E+03
@energies:  1.058000000E+03  1.843111686E-01  7.122726186E-12  7.120296825E-12  1.738899909E-07  3.222128457E-12  3.221945212E-12
@growth_rates:  1.055500000E+03 -3.401639886E-07  2.307327667E-02  2.307377578E-02  3.212451152E-05  2.309856409E-02  2.309861678E-02
@times:   250   1.063000000E+03
@energies:  1.063000000E+03  1.843106470E-01  8.968492416E-12  8.965476795E-12  1.737125549E-07  4.058200208E-12  4.057972982E-12
@growth_rates:  1.060500000E+03 -2.830096655E-07  2.304270489E-02  2.304318762E-02 -1.020912785E-04  2.306974242E-02  2.306983034E-02
@times:   251   1.068000000E+03
@energies:  1.068000000E+03  1.843101236E-01  1.128901888E-11  1.128527865E-11  1.735614044E-07  5.110460918E-12  5.110177994E-12
@growth_rates:  1.065500000E+03 -2.839685510E-07  2.301128805E-02  2.301178119E-02 -8.704974788E-05  2.305500225E-02  2.305506526E-02
@times:   252   1.073000000E+03
@energies:  1.073000000E+03  1.843094982E-01  1.420813100E-11  1.420349286E-11  1.737019750E-07  6.435353923E-12  6.435002122E-12
@growth_rates:  1.070500000E+03 -3.393189103E-07  2.299839332E-02  2.299888090E-02  8.095908357E-05  2.305172399E-02  2.305179348E-02
@times:   253   1.078000000E+03
@energies:  1.078000000E+03  1.843087962E-01  1.788269697E-11  1.787695207E-11  1.740305844E-07  8.103239270E-12  8.102801848E-12
@growth_rates:  1.075500000E+03 -3.808707332E-07  2.300191896E-02  2.300243785E-02  1.890012971E-04  2.304570524E-02  2.304577382E-02
@times:   254   1.083000000E+03
@energies:  1.083000000E+03  1.843081356E-01  2.250669870E-11  2.249958341E-11  1.741961594E-07  1.020131273E-11  1.020076795E-11
@growth_rates:  1.080500000E+03 -3.584387987E-07  2.299793891E-02  2.299845048E-02  9.509609861E-05  2.302525192E-02  2.302530978E-02
@times:   255   1.088000000E+03
@energies:  1.088000000E+03  1.843075832E-01  2.831945196E-11  2.831063897E-11  1.740913538E-07  1.283890103E-11  1.283822585E-11
@growth_rates:  1.085500000E+03 -2.996734195E-07  2.297359322E-02  2.297408752E-02 -6.018338094E-05  2.299632944E-02  2.299641083E-02
@times:   256   1.093000000E+03
@energies:  1.093000000E+03  1.843070746E-01  3.562177338E-11  3.561085876E-11  1.739099648E-07  1.615507023E-11  1.615423218E-11
@growth_rates:  1.090500000E+03 -2.759964712E-07  2.294081456E-02  2.294129436E-02 -1.042462113E-04  2.297542411E-02  2.297549544E-02
@times:   257   1.098000000E+03
@energies:  1.098000000E+03  1.843064948E-01  4.479763379E-11  4.478413146E-11  1.739521647E-07  2.032623882E-11  2.032520008E-11
@growth_rates:  1.095500000E+03 -3.145540010E-07  2.291982580E-02  2.292032554E-02  2.426246913E-05  2.296786579E-02  2.296794301E-02
@times:   258   1.103000000E+03
@energies:  1.103000000E+03  1.843058191E-01  5.633597030E-11  5.631926760E-11  1.742720892E-07  2.557356066E-11  2.557227080E-11
@growth_rates:  1.100500000E+03 -3.666209581E-07  2.291779144E-02  2.291828393E-02  1.837462783E-04  2.296464266E-02  2.296470929E-02
@times:   259   1.108000000E+03
@energies:  1.108000000E+03  1.843051403E-01  7.084687503E-11  7.082624625E-11  1.745443191E-07  3.217086865E-11  3.216926707E-11
@growth_rates:  1.105500000E+03 -3.683094217E-07  2.291876232E-02  2.291929343E-02  1.560878304E-04  2.295023118E-02  2.295029655E-02
@times:   260   1.113000000E+03
@energies:  1.113000000E+03  1.843045531E-01  8.908127544E-11  8.905576396E-11  1.745330535E-07  4.045886024E-11  4.045687713E-11
@growth_rates:  1.110500000E+03 -3.186167641E-07  2.290283019E-02  2.290330931E-02 -6.454536069E-06  2.292243186E-02  2.292250866E-02
@times:   261   1.118000000E+03
@energies:  1.118000000E+03  1.843040395E-01  1.119723064E-10  1.119407993E-10  1.743586237E-07  5.086881999E-11  5.086636602E-11
@growth_rates:  1.115500000E+03 -2.786476269E-07  2.287024166E-02  2.287074190E-02 -9.999081601E-05  2.289645008E-02  2.289652750E-02
@times:   262   1.123000000E+03
@energies:  1.123000000E+03  1.843034957E-01  1.407060916E-10  1.406671555E-10  1.743258332E-07  6.394939650E-11  6.394636012E-11
@growth_rates:  1.120500000E+03 -2.950855275E-07  2.284216814E-02  2.284263469E-02 -1.880809200E-05  2.288419290E-02  2.288426892E-02
@times:   263   1.128000000E+03
@energies:  1.128000000E+03  1.843028578E-01  1.768000993E-10  1.767520668E-10  1.746002964E-07  8.039127888E-11  8.038752895E-11
@growth_rates:  1.125500000E+03 -3.460679698E-07  2.283464534E-02  2.283514973E-02  1.573188517E-04  2.288136077E-02  2.288144427E-02
@times:   264   1.133000000E+03
@energies:  1.133000000E+03  1.843021771E-01  2.221576761E-10  2.220984367E-10  1.749501606E-07  1.010503250E-10  1.010456646E-10
@growth_rates:  1.130500000E+03 -3.693744044E-07  2.283676706E-02  2.283726941E-02  2.001795480E-04  2.287129613E-02  2.287134876E-02
@times:   265   1.138000000E+03
@energies:  1.138000000E+03  1.843015560E-01  2.791233974E-10  2.790503706E-10  1.750591983E-07  1.269868140E-10  1.269810749E-10
@growth_rates:  1.135500000E+03 -3.370174742E-07  2.282665864E-02  2.282716132E-02  6.230558825E-05  2.284645942E-02  2.284655197E-02
@times:   266   1.143000000E+03
@energies:  1.143000000E+03  1.843010239E-01  3.505966622E-10  3.505065881E-10  1.749344020E-07  1.595355404E-10  1.595284407E-10
@growth_rates:  1.140500000E+03 -2.886829471E-07  2.279824834E-02  2.279871971E-02 -7.131347510E-05  2.281834670E-02  2.281841592E-02
@times:   267   1.148000000E+03
@energies:  1.148000000E+03  1.843005032E-01  4.402321245E-10  4.401211549E-10  1.748524372E-07  2.003912053E-10  2.003824641E-10
@growth_rates:  1.145500000E+03 -2.825201105E-07  2.276656914E-02  2.276705385E-02 -4.686559173E-05  2.280047614E-02  2.280056428E-02
@times:   268   1.153000000E+03
@energies:  1.153000000E+03  1.842999049E-01  5.526984823E-10  5.525617422E-10  1.750651711E-07  2.516949333E-10  2.516841594E-10
@growth_rates:  1.150500000E+03 -3.246679902E-07  2.275104693E-02  2.275151368E-02  1.215908764E-04  2.279462892E-02  2.279471050E-02
@times:   269   1.158000000E+03
@energies:  1.158000000E+03  1.842992366E-01  6.938927495E-10  6.937245947E-10  1.754587547E-07  3.161113411E-10  3.160980371E-10
@growth_rates:  1.155500000E+03 -3.626055579E-07  2.275047962E-02  2.275098663E-02  2.245688834E-04  2.278767248E-02  2.278774436E-02
@times:   270   1.163000000E+03
@energies:  1.163000000E+03  1.842985915E-01  8.711129676E-10  8.709060984E-10  1.756916249E-07  3.969320376E-10  3.969156574E-10
@growth_rates:  1.160500000E+03 -3.500227952E-07  2.274542582E-02  2.274591180E-02  1.326327682E-04  2.276705793E-02  2.276713989E-02
@times:   271   1.168000000E+03
@energies:  1.168000000E+03  1.842980327E-01  1.093343360E-09  1.093088982E-09  1.756612460E-07  4.982718960E-10  4.982517505E-10
@growth_rates:  1.165500000E+03 -3.032213689E-07  2.272239159E-02  2.272287336E-02 -1.729253203E-05  2.273808279E-02  2.273816641E-02
@times:   272   1.173000000E+03
@energies:  1.173000000E+03  1.842975181E-01  1.371805551E-09  1.371492713E-09  1.755729804E-07  6.253367566E-10  6.253120182E-10
@growth_rates:  1.170500000E+03 -2.791787738E-07  2.268874884E-02  2.268921012E-02 -5.026025224E-05  2.271444112E-02  2.271452820E-02
@times:   273   1.178000000E+03
@energies:  1.178000000E+03  1.842969545E-01  1.720781671E-09  1.720397253E-09  1.757163033E-07  7.847136913E-10  7.846834335E-10
@growth_rates:  1.175500000E+03 -3.058309857E-07  2.266508548E-02  2.266555076E-02  8.159818434E-05  2.270286117E-02  2.270296127E-02
@times:   274   1.183000000E+03
@energies:  1.183000000E+03  1.842963105E-01  2.158398745E-09  2.157926941E-09  1.761225679E-07  9.846446965E-10  9.846074818E-10
@growth_rates:  1.180500000E+03 -3.494096198E-07  2.265879780E-02  2.265927857E-02  2.309379818E-04  2.269619350E-02  2.269626991E-02
@times:   275   1.188000000E+03
@energies:  1.188000000E+03  1.842956533E-01  2.707199596E-09  2.706621014E-09  1.764815977E-07  1.235304951E-09  1.235259430E-09
@growth_rates:  1.185500000E+03 -3.566432559E-07  2.265481158E-02  2.265529874E-02  2.036447537E-04  2.267922809E-02  2.267932254E-02
@times:   276   1.193000000E+03
@energies:  1.193000000E+03  1.842950640E-01  3.394901750E-09  3.394192076E-09  1.765756297E-07  1.549305762E-09  1.549250132E-09
@growth_rates:  1.190500000E+03 -3.197167341E-07  2.263600798E-02  2.263647593E-02  5.326730911E-05  2.264890716E-02  2.264900157E-02
@times:   277   1.198000000E+03
@energies:  1.198000000E+03  1.842945402E-01  4.255835833E-09  4.254965805E-09  1.765284059E-07  1.942527917E-09  1.942460161E-09
@growth_rates:  1.195500000E+03 -2.842674172E-07  2.260163572E-02  2.260209676E-02 -2.674782522E-05  2.261832397E-02  2.261842655E-02
@times:   278   1.203000000E+03
@energies:  1.203000000E+03  1.842940005E-01  5.333342522E-09  5.332276104E-09  1.766343700E-07  2.435075180E-09  2.434993061E-09
@growth_rates:  1.200500000E+03 -2.928266605E-07  2.256869782E-02  2.256914579E-02  6.000862427E-05  2.259874557E-02  2.259886130E-02
@times:   279   1.208000000E+03
@energies:  1.208000000E+03  1.842933853E-01  6.682536793E-09  6.681231482E-09  1.770392609E-07  3.052137836E-09  3.052038070E-09
@growth_rates:  1.205500000E+03 -3.337977152E-07  2.255195186E-02  2.255241408E-02  2.289631218E-04  2.258646442E-02  2.258656805E-02
@times:   280   1.213000000E+03
@energies:  1.213000000E+03  1.842927266E-01  8.372299225E-09  8.370703877E-09  1.775226183E-07  3.824829492E-09  3.824709073E-09
@growth_rates:  1.210500000E+03 -3.574445961E-07  2.254308702E-02  2.254356520E-02  2.726507207E-04  2.256716140E-02  2.256728180E-02
@times:   281   1.218000000E+03
@energies:  1.218000000E+03  1.842921066E-01  1.048717198E-08  1.048522153E-08  1.777923833E-07  4.791481001E-09  4.791335907E-09
@growth_rates:  1.215500000E+03 -3.364201900E-07  2.252242491E-02  2.252288165E-02  1.518455457E-04  2.253256606E-02  2.253268624E-02
@times:   282   1.223000000E+03
@energies:  1.223000000E+03  1.842915584E-01  1.313111881E-08  1.312873684E-08  1.778739142E-07  5.999913340E-09  5.999740243E-09
@growth_rates:  1.220500000E+03 -2.974413115E-07  2.248321009E-02  2.248366873E-02  4.584687976E-05  2.249054761E-02  2.249069078E-02
@times:   283   1.228000000E+03
@energies:  1.228000000E+03  1.842910259E-01  1.643399363E-08  1.643108307E-08  1.780396100E-07  7.510373038E-09  7.510167699E-09
@growth_rates:  1.225500000E+03 -2.889308859E-07  2.243670768E-02  2.243713701E-02  9.311009787E-05  2.245401110E-02  2.245416202E-02
@times:   284   1.233000000E+03
@energies:  1.233000000E+03  1.842904325E-01  2.055984808E-08  2.055630010E-08  1.785175004E-07  9.398253071E-09  9.398011932E-09
@growth_rates:  1.230500000E+03 -3.219894328E-07  2.239880795E-02  2.239926180E-02  2.680584615E-04  2.242386918E-02  2.242403747E-02
@times:   285   1.238000000E+03
@energies:  1.238000000E+03  1.842897742E-01  2.571413510E-08  2.570981291E-08  1.792191870E-07  1.175647591E-08  1.175619429E-08
@growth_rates:  1.235500000E+03 -3.572160874E-07  2.237007933E-02  2.237052763E-02  3.922927054E-04  2.238804016E-02  2.238821052E-02
@times:   286   1.243000000E+03
@energies:  1.243000000E+03  1.842891213E-01  3.214842214E-08  3.214316797E-08  1.798524483E-07  1.469851193E-08  1.469818931E-08
@growth_rates:  1.240500000E+03 -3.542749258E-07  2.233225266E-02  2.233271789E-02  3.527218010E-04  2.233420296E-02  2.233440346E-02
@times:   287   1.248000000E+03
@energies:  1.248000000E+03  1.842885303E-01  4.016780949E-08  4.016141971E-08  1.803598640E-07  1.836367331E-08  1.836330766E-08
@growth_rates:  1.245500000E+03 -3.207350125E-07  2.227025446E-02  2.227069030E-02  2.817316324E-04  2.226281769E-02  2.226302145E-02
@times:   288   1.253000000E+03
@energies:  1.253000000E+03  1.842879742E-01  5.014666623E-08  5.013890797E-08  1.809966916E-07  2.292491983E-08  2.292452020E-08
@growth_rates:  1.250500000E+03 -3.017597832E-07  2.218861204E-02  2.218904867E-02  3.524653389E-04  2.218500845E-02  2.218525643E-02
@times:   289   1.258000000E+03
@energies:  1.258000000E+03  1.842873760E-01  6.255058677E-08  6.254117430E-08  1.820806113E-07  2.859646490E-08  2.859603653E-08
@growth_rates:  1.255500000E+03 -3.245595150E-07  2.210235813E-02  2.210278157E-02  5.970755392E-04  2.210585844E-02  2.210610363E-02
@times:   290   1.263000000E+03
@energies:  1.263000000E+03  1.842867008E-01  7.795496274E-08  7.794358773E-08  1.837294335E-07  3.563870838E-08  3.563826580E-08
@growth_rates:  1.260500000E+03 -3.663943470E-07  2.201556416E-02  2.201602022E-02  9.014697024E-04  2.201492557E-02  2.201518174E-02
@times:   291   1.268000000E+03
@energies:  1.268000000E+03  1.842859927E-01  9.705280993E-08  9.703908052E-08  1.858260424E-07  4.436245768E-08  4.436201552E-08
@growth_rates:  1.265500000E+03 -3.842302787E-07  2.191240034E-02  2.191284585E-02  1.134677482E-03  2.189612028E-02  2.189636543E-02
@times:   292   1.273000000E+03
@energies:  1.273000000E+03  1.842853170E-01  1.206601140E-07  1.206436010E-07  1.884021187E-07  5.513668407E-08  5.513625138E-08
@growth_rates:  1.270500000E+03 -3.666521804E-07  2.177223551E-02  2.177269639E-02  1.376762788E-03  2.174217033E-02  2.174238228E-02
@times:   293   1.278000000E+03
@energies:  1.278000000E+03  1.842846773E-01  1.497351539E-07  1.497153163E-07  1.918988026E-07  6.840176405E-08  6.840132049E-08
@growth_rates:  1.275500000E+03 -3.471487426E-07  2.158904750E-02  2.158948461E-02  1.838955537E-03  2.155833472E-02  2.155847101E-02
@times:   294   1.283000000E+03
@energies:  1.283000000E+03  1.842840069E-01  1.854096392E-07  1.853859398E-07  1.970231403E-07  8.468155408E-08  8.468099181E-08
@growth_rates:  1.280500000E+03 -3.637647670E-07  2.136995502E-02  2.137042140E-02  2.635302204E-03  2.134991841E-02  2.134990288E-02
@times:   295   1.288000000E+03
@energies:  1.288000000E+03  1.842832458E-01  2.290060162E-07  2.289778503E-07  2.045349903E-07  1.045822335E-07  1.045812190E-07
@growth_rates:  1.285500000E+03 -4.130487980E-07  2.111806317E-02  2.111854620E-02  3.741787710E-03  2.110758873E-02  2.110728262E-02
@times:   296   1.293000000E+03
@energies:  1.293000000E+03  1.842824060E-01  2.820056936E-07  2.819725352E-07  2.151941202E-07  1.287778363E-07  1.287756152E-07
@growth_rates:  1.290500000E+03 -4.556709838E-07  2.081789862E-02  2.081843980E-02  5.080144289E-03  2.081150349E-02  2.081074881E-02
@times:   297   1.298000000E+03
@energies:  1.298000000E+03  1.842815483E-01  3.459650370E-07  3.459263783E-07  2.300782085E-07  1.579927039E-07  1.579875842E-07
@growth_rates:  1.295500000E+03 -4.654217911E-07  2.044104598E-02  2.044162995E-02  6.687878288E-03  2.044601333E-02  2.044449763E-02
@times:   298   1.303000000E+03
@energies:  1.303000000E+03  1.842806994E-01  4.224188183E-07  4.223743805E-07  2.509634078E-07  1.929846380E-07  1.929732877E-07
@growth_rates:  1.300500000E+03 -4.606903076E-07  1.996595616E-02  1.996661055E-02  8.688785477E-03  2.000617361E-02  2.000353243E-02
@times:   299   1.308000000E+03
@energies:  1.308000000E+03  1.842798121E-01  5.127834990E-07  5.127334838E-07  2.803168471E-07  2.345134231E-07  2.344894348E-07
@growth_rates:  1.305500000E+03 -4.815025936E-07  1.938564445E-02  1.938641069E-02  1.106134173E-02  1.949022377E-02  1.948587594E-02
@times:   300   1.313000000E+03
@energies:  1.313000000E+03  1.842788154E-01  6.181921293E-07  6.181376576E-07  3.210859541E-07  2.832565340E-07  2.832083659E-07
@growth_rates:  1.310500000E+03 -5.408292149E-07  1.869455711E-02  1.869549943E-02  1.357882969E-02  1.888401398E-02  1.887723690E-02
@times:   301   1.318000000E+03
@energies:  1.318000000E+03  1.842776933E-01  7.391642113E-07  7.391079403E-07  3.764326993E-07  3.396462654E-07  3.395543545E-07
@growth_rates:  1.315500000E+03 -6.089453196E-07  1.787208057E-02  1.787327933E-02  1.590304206E-02  1.815517124E-02  1.814511340E-02
@times:   302   1.323000000E+03
@energies:  1.323000000E+03  1.842764974E-01  8.751024071E-07  8.750490922E-07  4.494377321E-07  4.036346759E-07  4.034680309E-07
@growth_rates:  1.320500000E+03 -6.489463995E-07  1.688208125E-02  1.688360173E-02  1.772580395E-02  1.726055212E-02  1.724632193E-02
@times:   303   1.328000000E+03
@energies:  1.328000000E+03  1.842752803E-01  1.023759280E-06  1.023716606E-06  5.425860879E-07  4.744097097E-07  4.741242892E-07
@growth_rates:  1.325500000E+03 -6.604992510E-07  1.568957833E-02  1.569150249E-02  1.883494430E-02  1.615611136E-02  1.613722458E-02
@times:   304   1.333000000E+03
@energies:  1.333000000E+03  1.842740310E-01  1.180854356E-06  1.180833138E-06  6.566358211E-07  5.500583170E-07  5.495994197E-07
@growth_rates:  1.330500000E+03 -6.779507602E-07  1.427567861E-02  1.427805022E-02  1.907827988E-02  1.479529887E-02  1.477201842E-02
@times:   305   1.338000000E+03
@energies:  1.338000000E+03  1.842726945E-01  1.339879394E-06  1.339893234E-06  7.891375236E-07  6.271995773E-07  6.265142134E-07
@growth_rates:  1.335500000E+03 -7.252894514E-07  1.263413988E-02  1.263696967E-02  1.838110477E-02  1.312404916E-02  1.309817759E-02
@times:   306   1.343000000E+03
@energies:  1.343000000E+03  1.842712477E-01  1.492113329E-06  1.492175330E-06  9.332332186E-07  7.007770621E-07  6.998359187E-07
@growth_rates:  1.340500000E+03 -7.851216017E-07  1.076138510E-02  1.076450731E-02  1.677145291E-02  1.109250130E-02  1.106744447E-02
@times:   307   1.348000000E+03
@energies:  1.348000000E+03  1.842697430E-01  1.627148552E-06  1.627266412E-06  1.077614115E-06  7.643147823E-07  7.631390323E-07
@growth_rates:  1.345500000E+03 -8.165611294E-07  8.663567173E-03  8.666655115E-03  1.438495878E-02  8.678991491E-03  8.659432688E-03
@times:   308   1.353000000E+03
@energies:  1.353000000E+03  1.842682664E-01  1.734399835E-06  1.734569296E-06  1.208511426E-06  8.109134839E-07  8.095859342E-07
@growth_rates:  1.350500000E+03 -8.013328773E-07  6.383230899E-03  6.385757889E-03  1.146399308E-02  5.918164715E-03  5.908269200E-03
@times:   309   1.358000000E+03
@energies:  1.358000000E+03  1.842668608E-01  1.805563768E-06  1.805766423E-06  1.313228367E-06  8.348584750E-07  8.335054668E-07
@growth_rates:  1.355500000E+03 -7.628350345E-07  4.021144246E-03  4.022597484E-03  8.309913243E-03  2.910084936E-03  2.911733648E-03
@times:   310   1.363000000E+03
@energies:  1.363000000E+03  1.842655060E-01  1.837141771E-06  1.837347829E-06  1.383422189E-06  8.332600201E-07  8.320066383E-07
@growth_rates:  1.360500000E+03 -7.352407680E-07  1.733809914E-03  1.733802140E-03  5.207176891E-03 -1.916477082E-04 -1.799841526E-04
@times:   311   1.368000000E+03
@energies:  1.368000000E+03  1.842641741E-01  1.831671108E-06  1.831848879E-06  1.416341636E-06  8.071237425E-07  8.060530314E-07
@growth_rates:  1.365500000E+03 -7.228228411E-07 -2.982254772E-04 -2.997361305E-04  2.351695743E-03 -3.186874951E-03 -3.169088347E-03
@times:   312   1.373000000E+03
@energies:  1.373000000E+03  1.842628863E-01  1.796924141E-06  1.797048322E-06  1.413785551E-06  7.614380588E-07  7.605752410E-07
@growth_rates:  1.370500000E+03 -6.988846320E-07 -1.915233123E-03 -1.918027508E-03 -1.806339428E-04 -5.826816486E-03 -5.807449299E-03
@times:   313   1.378000000E+03
@energies:  1.378000000E+03  1.842616987E-01  1.743584315E-06  1.743643171E-06  1.380096936E-06  7.042684354E-07  7.035941061E-07
@growth_rates:  1.375500000E+03 -6.445242543E-07 -3.013344710E-03 -3.016879725E-03 -2.411715491E-03 -7.804924425E-03 -7.787340707E-03
@times:   314   1.383000000E+03
@energies:  1.383000000E+03  1.842606359E-01  1.682602257E-06  1.682598214E-06  1.320469624E-06  6.451217432E-07  6.445944213E-07
@growth_rates:  1.380500000E+03 -5.767717189E-07 -3.560138804E-03 -3.563754627E-03 -4.416629070E-03 -8.772053565E-03 -8.758032115E-03
@times:   315   1.388000000E+03
@energies:  1.388000000E+03  1.842596618E-01  1.623239817E-06  1.623188445E-06  1.240161684E-06  5.929808726E-07  5.925580327E-07
@growth_rates:  1.385500000E+03 -5.286690631E-07 -3.591751845E-03 -3.594676354E-03 -6.274568807E-03 -8.427690505E-03 -8.417250117E-03
@times:   316   1.393000000E+03
@energies:  1.393000000E+03  1.842587224E-01  1.572224620E-06  1.572148696E-06  1.144510977E-06  5.546190153E-07  5.542672671E-07
@growth_rates:  1.390500000E+03 -5.097839245E-07 -3.193246731E-03 -3.194911079E-03 -8.026430944E-03 -6.688072403E-03 -6.680181167E-03
@times:   317   1.398000000E+03
@energies:  1.398000000E+03  1.842578075E-01  1.533795030E-06  1.533718455E-06  1.039163229E-06  5.336896737E-07  5.333869989E-07
@growth_rates:  1.395500000E+03 -4.965349494E-07 -2.474649605E-03 -2.474813026E-03 -9.656164993E-03 -3.846688438E-03 -3.839976459E-03
@times:   318   1.403000000E+03
@energies:  1.403000000E+03  1.842569548E-01  1.510230717E-06  1.510173645E-06  9.300976768E-07  5.308027060E-07  5.305349807E-07
@growth_rates:  1.400500000E+03 -4.628133096E-07 -1.548264365E-03 -1.547050909E-03 -1.108814713E-02 -5.424134228E-04 -5.361342432E-04
@times:   319   1.408000000E+03
@energies:  1.408000000E+03  1.842561906E-01  1.502537782E-06  1.502513546E-06  8.233031233E-07  5.443301049E-07  5.440869332E-07
@growth_rates:  1.405500000E+03 -4.147314206E-07 -5.106899135E-04 -5.085237752E-04 -1.219651616E-02  2.516547279E-03  2.522314285E-03
@times:   320   1.413000000E+03
@energies:  1.413000000E+03  1.842554795E-01  1.510994255E-06  1.511009761E-06  7.241911686E-07  5.714087042E-07  5.711810042E-07
@growth_rates:  1.410500000E+03 -3.859110967E-07  5.612348149E-04  5.638740080E-04 -1.282690453E-02  4.854884958E-03  4.859711660E-03
