@jorek_model:   199
@n_tor:     3
@n_plane:     4
@n_period:     1
@plottable: energies growth_rates times
@variable_names: Flux        Potential   Current     Vorticity   Density     Temperature
@n_times:     1
@times_xlabel: time step
@times_ylabel: normalized time
@times: "step"     "time"
@n_energies:     6
@energies_xlabel: normalized time
@energies_ylabel: normalized energy
@energies: "time"           "E_{mag,00,cos}" "E_{mag,01,cos}" "E_{mag,01,sin}" "E_{kin,00,cos}" "E_{kin,01,cos}" "E_{kin,01,sin}" 
@n_growth_rates:     6
@growth_rates_xlabel: normalized time
@growth_rates_ylabel: normalized growth rate
@growth_rates: "time"           "G_{mag,00,cos}" "G_{mag,01,cos}" "G_{mag,01,sin}" "G_{kin,00,cos}" "G_{kin,01,cos}" "G_{kin,01,sin}" 
@times:     1   1.000000000E+03
@energies:  1.000000000E+03  2.012239529E-02  1.187086941E-31  1.185706449E-31  3.360472745E-15  2.686452200E-33  2.686512180E-33
@times:     2   2.000000000E+03
@energies:  2.000000000E+03  2.012239473E-02  1.674206895E-32  1.609587877E-32  3.255174250E-15  4.078428261E-33  4.073937590E-33
@growth_rates:  1.500000000E+03 -1.382658654E-11 -9.793739463E-04 -9.984728400E-04 -1.591792738E-05  2.087451228E-04  2.081831168E-04
@times:     3   3.000000000E+03
@energies:  3.000000000E+03  2.012239423E-02  1.627799051E-31  1.646646084E-31  3.034988789E-15  8.663464970E-33  8.635395978E-33
@growth_rates:  2.500000000E+03 -1.257442328E-11  1.137237181E-03  1.162673733E-03 -3.501903830E-05  3.767015353E-04  3.756297847E-04
@times:     4   4.000000000E+03
@energies:  4.000000000E+03  2.012239377E-02  4.193266735E-32  4.120827811E-32  2.802987550E-15  1.501204498E-32  1.500650874E-32
@growth_rates:  3.500000000E+03 -1.143452732E-11 -6.781669197E-04 -6.926357839E-04 -3.976095012E-05  2.748690615E-04  2.763072277E-04
@times:     5   5.000000000E+03
@energies:  5.000000000E+03  2.012239333E-02  2.012244065E-31  1.987188944E-31  2.470883951E-15  2.635763866E-32  2.632289970E-32
@growth_rates:  4.500000000E+03 -1.073296696E-11  7.841777809E-04  7.866260371E-04 -6.305493439E-05  2.814526237E-04  2.809776240E-04
@times:     6   6.000000000E+03
@energies:  6.000000000E+03  2.012239293E-02  9.468252651E-32  9.364610260E-32  2.168011408E-15  4.683526713E-32  4.690382805E-32
@growth_rates:  5.500000000E+03 -1.010566675E-11 -3.769456332E-04 -3.761842120E-04 -6.538280792E-05  2.874391826E-04  2.888300112E-04
@times:     7   7.000000000E+03
@energies:  7.000000000E+03  2.012239254E-02  3.038852572E-31  3.045541118E-31  1.816333825E-15  8.293813935E-32  8.288080226E-32
@growth_rates:  6.500000000E+03 -9.639397502E-12  5.830603589E-04  5.896629836E-04 -8.849512912E-05  2.857292653E-04  2.846520823E-04
@times:     8   8.000000000E+03
@energies:  8.000000000E+03  2.012239217E-02  3.220742282E-31  3.158433225E-31  1.530243704E-15  1.503736509E-31  1.504328385E-31
@growth_rates:  7.500000000E+03 -9.210448626E-12  2.906592732E-05  1.819874868E-05 -8.569654055E-05  2.975140907E-04  2.980566351E-04
@times:     9   9.000000000E+03
@energies:  9.000000000E+03  2.012239181E-02  7.081449625E-31  7.133419255E-31  1.257158203E-15  2.783921107E-31  2.783689592E-31
@growth_rates:  8.500000000E+03 -8.885480796E-12  3.939333903E-04  4.073572942E-04 -9.828661338E-05  3.079536939E-04  3.077153482E-04
@times:    10   1.000000000E+04
@energies:  1.000000000E+04  2.012239147E-02  1.136322938E-30  1.130896922E-30  1.065712069E-15  5.253777773E-31  5.254027301E-31
@growth_rates:  9.500000000E+03 -8.556179321E-12  2.364520064E-04  2.304027343E-04 -8.260529729E-05  3.175434948E-04  3.176088242E-04
@times:    11   1.100000000E+04
@energies:  1.100000000E+04  2.012239113E-02  2.347343099E-30  2.357248673E-30  9.440735849E-16  1.009935487E-30  1.010138974E-30
@growth_rates:  1.050000000E+04 -8.326694889E-12  3.627432682E-04  3.672420342E-04 -6.059717539E-05  3.267620767E-04  3.268390622E-04
@times:    12   1.200000000E+04
@energies:  1.200000000E+04  2.012239081E-02  4.493954900E-30  4.495355353E-30  8.907116929E-16  1.972782387E-30  1.972577452E-30
@growth_rates:  1.150000000E+04 -8.055334844E-12  3.247245228E-04  3.227747988E-04 -2.909165757E-05  3.347792356E-04  3.346265600E-04
@times:    13   1.300000000E+04
@energies:  1.300000000E+04  2.012239049E-02  8.850278959E-30  8.843350411E-30  9.476838728E-16  3.875567752E-30  3.876025467E-30
@growth_rates:  1.250000000E+04 -7.893701026E-12  3.388579206E-04  3.383105453E-04  3.100009050E-05  3.376236216E-04  3.377346127E-04
@times:    14   1.400000000E+04
@energies:  1.400000000E+04  2.012239018E-02  1.757226398E-29  1.757749824E-29  1.029382591E-15  7.633300637E-30  7.633137513E-30
@growth_rates:  1.350000000E+04 -7.660276635E-12  3.429363846E-04  3.434768823E-04  4.134674818E-05  3.389140849E-04  3.388443519E-04
@times:    15   1.500000000E+04
@energies:  1.500000000E+04  2.012238988E-02  3.477498725E-29  3.478105339E-29  1.240980450E-15  1.512639970E-29  1.512678299E-29
@growth_rates:  1.450000000E+04 -7.547337422E-12  3.412883114E-04  3.412266103E-04  9.347127792E-05  3.419606016E-04  3.419839564E-04
@times:    16   1.600000000E+04
@energies:  1.600000000E+04  2.012238958E-02  6.918659808E-29  6.911772873E-29  1.411964214E-15  2.996057276E-29  2.996134444E-29
@growth_rates:  1.550000000E+04 -7.342361830E-12  3.439544016E-04  3.433692342E-04  6.454002108E-05  3.417203670E-04  3.417205755E-04
@times:    17   1.700000000E+04
@energies:  1.700000000E+04  2.012238929E-02  1.371328971E-28  1.370722761E-28  1.713261015E-15  5.952445756E-29  5.952608349E-29
@growth_rates:  1.650000000E+04 -7.262976220E-12  3.420716663E-04  3.423485425E-04  9.670839321E-05  3.432525018E-04  3.432532812E-04
@times:    18   1.800000000E+04
@energies:  1.800000000E+04  2.012238900E-02  2.724315251E-28  2.725795934E-28  1.901847161E-15  1.181683337E-28  1.181681833E-28
@growth_rates:  1.750000000E+04 -7.082019859E-12  3.432183957E-04  3.437111541E-04  5.221351152E-05  3.428614425E-04  3.428471488E-04
@times:    19   1.900000000E+04
@energies:  1.900000000E+04  2.012238872E-02  5.400655066E-28  5.397975387E-28  2.208831227E-15  2.346687597E-28  2.348496116E-28
@growth_rates:  1.850000000E+04 -7.024134163E-12  3.421515710E-04  3.416317417E-04  7.481895756E-05  3.430324111E-04  3.434182333E-04
@times:    20   2.000000000E+04
@energies:  2.000000000E+04  2.012238845E-02  1.071549552E-27  1.071120489E-27  2.342212547E-15  4.659245554E-28  4.660156265E-28
@growth_rates:  1.950000000E+04 -6.865859659E-12  3.425853094E-04  3.426332125E-04  2.931624831E-05  3.429243680E-04  3.426369040E-04
@times:    21   2.100000000E+04
@energies:  2.100000000E+04  2.012238817E-02  2.126089135E-27  2.126125184E-27  2.577685996E-15  9.252970229E-28  9.416643435E-28
@growth_rates:  2.050000000E+04 -6.819177667E-12  3.425892124E-04  3.427979369E-04  4.789803996E-05  3.430455345E-04  3.517148605E-04
@times:    22   2.200000000E+04
@energies:  2.200000000E+04  2.012238790E-02  4.217501787E-27  4.217813870E-27  2.605745094E-15  1.836878071E-27  1.843801675E-27
@growth_rates:  2.150000000E+04 -6.683696929E-12  3.424793769E-04  3.425078963E-04  5.413281612E-06  3.428539586E-04  3.359679796E-04
@times:    23   2.300000000E+04
@energies:  2.300000000E+04  2.012238763E-02  8.364049618E-27  8.364798532E-27  2.721394645E-15  3.645634940E-27  3.648897737E-27
@growth_rates:  2.250000000E+04 -6.639920391E-12  3.423498774E-04  3.423576480E-04  2.171291354E-05  3.427315575E-04  3.412977820E-04
@times:    24   2.400000000E+04
@energies:  2.400000000E+04  2.012238737E-02  1.660313861E-26  1.660289020E-26  2.632077964E-15  7.235791657E-27  7.236704389E-27
@growth_rates:  2.350000000E+04 -6.527669072E-12  3.428245184E-04  3.427722696E-04 -1.668542571E-05  3.427546147E-04  3.423703879E-04
@times:    25   2.500000000E+04
@energies:  2.500000000E+04  2.012238711E-02  3.294985884E-26  3.293849362E-26  2.618949000E-15  1.436317683E-26  1.436381562E-26
@growth_rates:  2.450000000E+04 -6.480035175E-12  3.426976131E-04  3.425326020E-04 -2.500271026E-06  3.428139960E-04  3.427731662E-04
@times:    26   2.600000000E+04
@energies:  2.600000000E+04  2.012238685E-02  6.536708743E-26  6.535629887E-26  2.441167660E-15  2.851571436E-26  2.851598020E-26
@growth_rates:  2.550000000E+04 -6.391436269E-12  3.425159523E-04  3.426059147E-04 -3.514830917E-05  3.428937750E-04  3.428761993E-04
@times:    27   2.700000000E+04
@energies:  2.700000000E+04  2.012238660E-02  1.297839597E-25  1.297397698E-25  2.327827905E-15  5.661363650E-26  5.661380566E-26
@growth_rates:  2.650000000E+04 -6.335153735E-12  3.429261691E-04  3.428384258E-04 -2.377043545E-05  3.428972836E-04  3.428941165E-04
@times:    28   2.800000000E+04
@energies:  2.800000000E+04  2.012238635E-02  2.575747446E-25  2.575767139E-25  2.120279073E-15  1.124191352E-25  1.124203534E-25
@growth_rates:  2.750000000E+04 -6.270025832E-12  3.427193644E-04  3.428934601E-04 -4.669394255E-05  3.429921405E-04  3.429960646E-04
@times:    29   2.900000000E+04
@energies:  2.900000000E+04  2.012238610E-02  5.113141444E-25  5.112825343E-25  1.958936515E-15  2.232615480E-25  2.232762612E-25
@growth_rates:  2.850000000E+04 -6.202059977E-12  3.428371084E-04  3.428023741E-04 -3.957299321E-05  3.430548904E-04  3.430824217E-04
@times:    30   3.000000000E+04
@energies:  3.000000000E+04  2.012238585E-02  1.015851448E-24  1.015389428E-24  1.790758486E-15  4.434918919E-25  4.434705830E-25
@growth_rates:  2.950000000E+04 -6.159329713E-12  3.432491198E-04  3.430525744E-04 -4.488123328E-05  3.431677871E-04  3.431108130E-04
@times:    31   3.100000000E+04
@energies:  3.100000000E+04  2.012238560E-02  2.016466880E-24  2.016476212E-24  1.637277400E-15  8.810220300E-25  8.810008754E-25
@growth_rates:  3.050000000E+04 -6.078444637E-12  3.428098924E-04  3.430396633E-04 -4.480226230E-05  3.432015559E-04  3.432135746E-04
@times:    32   3.200000000E+04
@energies:  3.200000000E+04  2.012238536E-02  4.005526704E-24  4.005524395E-24  1.565824311E-15  1.750533673E-24  1.750508685E-24
@growth_rates:  3.150000000E+04 -6.056059432E-12  3.431640864E-04  3.431614842E-04 -2.231116943E-05  3.432966725E-04  3.433015411E-04
@times:    33   3.300000000E+04
@energies:  3.300000000E+04  2.012238512E-02  7.958048582E-24  7.958026105E-24  1.460755383E-15  3.478786556E-24  3.478750168E-24
@growth_rates:  3.250000000E+04 -5.962708105E-12  3.432543666E-04  3.432532427E-04 -3.472935710E-05  3.433814224E-04  3.433833297E-04
@times:    34   3.400000000E+04
@energies:  3.400000000E+04  2.012238488E-02  1.581326523E-23  1.581324780E-23  1.514293391E-15  6.914425505E-24  6.914361206E-24
@growth_rates:  3.350000000E+04 -5.957644156E-12  3.433326711E-04  3.433335325E-04  1.799761699E-05  3.434631699E-04  3.434637504E-04
@times:    35   3.500000000E+04
@energies:  3.500000000E+04  2.012238465E-02  3.142740384E-23  3.142740243E-23  1.470975540E-15  1.374532452E-23  1.374520542E-23
@growth_rates:  3.450000000E+04 -5.853756369E-12  3.434155435E-04  3.434160720E-04 -1.451155388E-05  3.435444246E-04  3.435447418E-04
@times:    36   3.600000000E+04
@energies:  3.600000000E+04  2.012238441E-02  6.246908288E-23  6.246899461E-23  1.641299267E-15  2.732912106E-23  2.732888673E-23
@growth_rates:  3.550000000E+04 -5.862129671E-12  3.434957573E-04  3.434950731E-04  5.478117542E-05  3.436270539E-04  3.436270992E-04
@times:    37   3.700000000E+04
@energies:  3.700000000E+04  2.012238418E-02  1.241921171E-22  1.241921672E-22  1.644532997E-15  5.434596853E-23  5.434551561E-23
@growth_rates:  3.650000000E+04 -5.750801169E-12  3.435789687E-04  3.435798772E-04  9.841435135E-07  3.437087978E-04  3.437089179E-04
@times:    38   3.800000000E+04
@energies:  3.800000000E+04  2.012238395E-02  2.469411241E-22  2.469411951E-22  1.891255966E-15  1.080886165E-22  1.080877142E-22
@growth_rates:  3.750000000E+04 -5.768092892E-12  3.436601231E-04  3.436600650E-04  6.989234447E-05  3.437904897E-04  3.437904828E-04
@times:    39   3.900000000E+04
@energies:  3.900000000E+04  2.012238372E-02  4.910933698E-22  4.910932753E-22  1.906262938E-15  2.150127349E-22  2.150109464E-22
@growth_rates:  3.850000000E+04 -5.653217006E-12  3.437421641E-04  3.437419241E-04  3.951804073E-06  3.438729221E-04  3.438729371E-04
@times:    40   4.000000000E+04
@energies:  4.000000000E+04  2.012238349E-02  9.768017991E-22  9.768019294E-22  2.170649518E-15  4.277789849E-22  4.277753799E-22
@growth_rates:  3.950000000E+04 -5.674556602E-12  3.438247462E-04  3.438249091E-04  6.494084550E-05  3.439547067E-04  3.439546521E-04
@times:    41   4.100000000E+04
@energies:  4.100000000E+04  2.012238327E-02  1.943209809E-21  1.943210083E-21  2.158570461E-15  8.512287187E-22  8.512216050E-22
@growth_rates:  4.050000000E+04 -5.560442551E-12  3.439063304E-04  3.439063342E-04 -2.790130253E-06  3.440370927E-04  3.440371278E-04
@times:    42   4.200000000E+04
@energies:  4.200000000E+04  2.012238304E-02  3.866376347E-21  3.866376681E-21  2.381880650E-15  1.694116651E-21  1.694102399E-21
@growth_rates:  4.150000000E+04 -5.580924389E-12  3.439882887E-04  3.439882615E-04  4.922209289E-05  3.441179386E-04  3.441179106E-04
@times:    43   4.300000000E+04
@energies:  4.300000000E+04  2.012238282E-02  7.694138645E-21  7.694140353E-21  2.316056766E-15  3.372190960E-21  3.372162739E-21
@growth_rates:  4.250000000E+04 -5.471876730E-12  3.440705501E-04  3.440706178E-04 -1.401214751E-05  3.442006072E-04  3.442006292E-04
@times:    44   4.400000000E+04
@energies:  4.400000000E+04  2.012238260E-02  1.531390803E-20  1.531391016E-20  2.456256514E-15  6.713523158E-21  6.713466741E-21
@growth_rates:  4.350000000E+04 -5.486913368E-12  3.441513066E-04  3.441512651E-04  2.938618944E-05  3.442806022E-04  3.442805848E-04
@times:    45   4.500000000E+04
@energies:  4.500000000E+04  2.012238238E-02  3.048487272E-20  3.048487534E-20  2.333646870E-15  1.336790152E-20  1.336778955E-20
@growth_rates:  4.450000000E+04 -5.386876500E-12  3.442345735E-04  3.442345469E-04 -2.560311229E-05  3.443662752E-04  3.443662890E-04
@times:    46   4.600000000E+04
@energies:  4.600000000E+04  2.012238217E-02  6.069509626E-20  6.069510851E-20  2.375344831E-15  2.662218401E-20  2.662196048E-20
@growth_rates:  4.550000000E+04 -5.392513103E-12  3.443161620E-04  3.443162201E-04  8.855197479E-06  3.444442145E-04  3.444442043E-04
@times:    47   4.700000000E+04
@energies:  4.700000000E+04  2.012238195E-02  1.208630293E-19  1.208630514E-19  2.219111292E-15  5.302711803E-20  5.302667365E-20
@growth_rates:  4.650000000E+04 -5.304684247E-12  3.443975035E-04  3.443974940E-04 -3.401791121E-05  3.445292951E-04  3.445293032E-04
@times:    48   4.800000000E+04
@energies:  4.800000000E+04  2.012238174E-02  2.407162073E-19  2.407162399E-19  2.174066086E-15  1.056384737E-19  1.056375869E-19
@growth_rates:  4.750000000E+04 -5.297894123E-12  3.444803806E-04  3.444803569E-04 -1.025380504E-05  3.446095976E-04  3.446095905E-04
@times:    49   4.900000000E+04
@energies:  4.900000000E+04  2.012238153E-02  4.794999796E-19  4.795000614E-19  2.026935329E-15  2.104836758E-19  2.104819117E-19
@growth_rates:  4.850000000E+04 -5.224547239E-12  3.445625876E-04  3.445626052E-04 -3.503711219E-05  3.446927308E-04  3.446927374E-04
@times:    50   5.000000000E+04
@energies:  5.000000000E+04  2.012238132E-02  9.553034407E-19  9.553036028E-19  1.925856980E-15  4.194531167E-19  4.194495962E-19
@growth_rates:  4.950000000E+04 -5.203342202E-12  3.446425886E-04  3.446425881E-04 -2.557695455E-05  3.447718295E-04  3.447718236E-04
@times:    51   5.100000000E+04
@energies:  5.100000000E+04  2.012238111E-02  1.903561594E-18  1.903561912E-18  1.836471955E-15  8.360334426E-19  8.360264350E-19
@growth_rates:  5.050000000E+04 -5.145658788E-12  3.447264524E-04  3.447264510E-04 -2.376236894E-05  3.448584279E-04  3.448584334E-04
@times:    52   5.200000000E+04
@energies:  5.200000000E+04  2.012238091E-02  3.793707146E-18  3.793707784E-18  1.715837689E-15  1.666603233E-18  1.666589247E-18
@growth_rates:  5.150000000E+04 -5.109343615E-12  3.448085125E-04  3.448085132E-04 -3.397245270E-05  3.449371132E-04  3.449371083E-04
@times:    53   5.300000000E+04
@energies:  5.300000000E+04  2.012238070E-02  7.562059901E-18  7.562061134E-18  1.722981056E-15  3.322270959E-18  3.322243119E-18
@growth_rates:  5.250000000E+04 -5.066299824E-12  3.448999735E-04  3.448999708E-04  2.077276450E-06  3.449305051E-04  3.449305110E-04
@times:    54   5.400000000E+04
@energies:  5.400000000E+04  2.012238050E-02  1.507322568E-17  1.507322821E-17  1.611450998E-15  6.625358448E-18  6.625302841E-18
@growth_rates:  5.350000000E+04 -5.016259852E-12  3.448882048E-04  3.448882070E-04 -3.346047416E-05  3.451279515E-04  3.451279449E-04
@times:    55   5.500000000E+04
@energies:  5.500000000E+04  2.012238030E-02  3.005722650E-17  3.005723140E-17  1.731329956E-15  1.321481245E-17  1.321470169E-17
@growth_rates:  5.450000000E+04 -4.988655711E-12  3.450915391E-04  3.450915369E-04  3.587742968E-05  3.452169400E-04  3.452169459E-04
@times:    56   5.600000000E+04
@energies:  5.600000000E+04  2.012238010E-02  5.994114380E-17  5.994115363E-17  1.640874635E-15  2.635970900E-17  2.635948780E-17
@growth_rates:  5.550000000E+04 -4.924793462E-12  3.451300148E-04  3.451300152E-04 -2.683023005E-05  3.452491572E-04  3.452491521E-04
@times:    57   5.700000000E+04
@energies:  5.700000000E+04  2.012237991E-02  1.195563957E-16  1.195564153E-16  1.861687611E-15  5.259098783E-17  5.259054702E-17
@growth_rates:  5.650000000E+04 -4.909403328E-12  3.452125231E-04  3.452125233E-04  6.312699011E-05  3.453540504E-04  3.453540553E-04
@times:    58   5.800000000E+04
@energies:  5.800000000E+04  2.012237971E-02  2.385070687E-16  2.385071077E-16  1.785943510E-15  1.049412774E-16  1.049403969E-16
@growth_rates:  5.750000000E+04 -4.835218892E-12  3.453053789E-04  3.453053785E-04 -2.076827075E-05  3.454280799E-04  3.454280755E-04
@times:    59   5.900000000E+04
@energies:  5.900000000E+04  2.012237952E-02  4.758755205E-16  4.758755988E-16  2.070917027E-15  2.094368873E-16  2.094351318E-16
@growth_rates:  5.850000000E+04 -4.829057376E-12  3.453786801E-04  3.453786806E-04  7.402233257E-05  3.455107547E-04  3.455107590E-04
@times:    60   6.000000000E+04
@energies:  6.000000000E+04  2.012237933E-02  9.496390423E-16  9.496391976E-16  1.990968662E-15  4.180523854E-16  4.180488780E-16
@growth_rates:  5.950000000E+04 -4.747929161E-12  3.454628242E-04  3.454628237E-04 -1.968511631E-05  3.455921542E-04  3.455921503E-04
@times:    61   6.100000000E+04
@energies:  6.100000000E+04  2.012237913E-02  1.895369026E-15  1.895369338E-15  2.288797745E-15  8.345991911E-16  8.345921953E-16
@growth_rates:  6.050000000E+04 -4.747436000E-12  3.455434391E-04  3.455434397E-04  6.970269640E-05  3.456724251E-04  3.456724290E-04
@times:    62   6.200000000E+04
@energies:  6.200000000E+04  2.012237895E-02  3.783554900E-15  3.783555517E-15  2.183896857E-15  1.666475266E-15  1.666461285E-15
@growth_rates:  6.150000000E+04 -4.663258002E-12  3.456252306E-04  3.456252299E-04 -2.345792384E-05  3.457572283E-04  3.457572247E-04
@times:    63   6.300000000E+04
@energies:  6.300000000E+04  2.012237876E-02  7.554043058E-15  7.554044302E-15  2.443024586E-15  3.328045893E-15  3.328017996E-15
@growth_rates:  6.250000000E+04 -4.664744369E-12  3.457094535E-04  3.457094542E-04  5.606301300E-05  3.458372681E-04  3.458372717E-04
@times:    64   6.400000000E+04
@energies:  6.400000000E+04  2.012237857E-02  1.508438554E-14  1.508438800E-14  2.301960967E-15  6.647404644E-15  6.647348880E-15
@growth_rates:  6.350000000E+04 -4.581545587E-12  3.457886071E-04  3.457886063E-04 -2.973775096E-05  3.459205933E-04  3.459205900E-04
@times:    65   6.500000000E+04
@energies:  6.500000000E+04  2.012237839E-02  3.012648725E-14  3.012649222E-14  2.483595280E-15  1.327955073E-14  1.327943942E-14
@growth_rates:  6.450000000E+04 -4.581623303E-12  3.458723107E-04  3.458723116E-04  3.797293301E-05  3.459994068E-04  3.459994100E-04
@times:    66   6.600000000E+04
@energies:  6.600000000E+04  2.012237821E-02  6.017785842E-14  6.017786823E-14  2.312609324E-15  2.653288693E-14  2.653266437E-14
@growth_rates:  6.550000000E+04 -4.503891038E-12  3.459498623E-04  3.459498613E-04 -3.566537786E-05  3.460798335E-04  3.460798305E-04
@times:    67   6.700000000E+04
@energies:  6.700000000E+04  2.012237803E-02  1.202258279E-13  1.202258477E-13  2.399128752E-15  5.302258040E-14  5.302213594E-14
@growth_rates:  6.650000000E+04 -4.500815498E-12  3.460336945E-04  3.460336955E-04  1.836459342E-05  3.461664441E-04  3.461664471E-04
@times:    68   6.800000000E+04
@energies:  6.800000000E+04  2.012237785E-02  2.402328993E-13  2.402329385E-13  2.223553437E-15  1.059758896E-13  1.059750007E-13
@growth_rates:  6.750000000E+04 -4.434956402E-12  3.461184967E-04  3.461184957E-04 -3.799954381E-05  3.462468717E-04  3.462468691E-04
@times:    69   6.900000000E+04
@energies:  6.900000000E+04  2.012237767E-02  4.801035641E-13  4.801036433E-13  2.219454763E-15  2.118455848E-13  2.118438091E-13
@growth_rates:  6.850000000E+04 -4.432076262E-12  3.461964862E-04  3.461964872E-04 -9.225000144E-07  3.463230122E-04  3.463230148E-04
@times:    70   7.000000000E+04
@energies:  7.000000000E+04  2.012237749E-02  9.596362119E-13  9.596363682E-13  2.077880949E-15  4.235497430E-13  4.235461907E-13
@growth_rates:  6.950000000E+04 -4.393249542E-12  3.462762138E-04  3.462762127E-04 -3.295648187E-05  3.464066641E-04  3.464066618E-04
@times:    71   7.100000000E+04
@energies:  7.100000000E+04  2.012237732E-02  1.918448994E-12  1.918449311E-12  2.004271919E-15  8.469430659E-13  8.469359667E-13
@growth_rates:  7.050000000E+04 -4.414066446E-12  3.463590282E-04  3.463590293E-04 -1.803386873E-05  3.464812549E-04  3.464812573E-04
@times:    72   7.200000000E+04
@energies:  7.200000000E+04  2.012237714E-02  3.835821491E-12  3.835822116E-12  1.937968573E-15  1.693812527E-12  1.693798323E-12
@growth_rates:  7.150000000E+04 -4.453969193E-12  3.464332883E-04  3.464332872E-04 -1.682028268E-05  3.465518631E-04  3.465518612E-04
@times:    73   7.300000000E+04
@energies:  7.300000000E+04  2.012237695E-02  7.670579923E-12  7.670581190E-12  1.822393119E-15  3.387872418E-12  3.387844023E-12
@growth_rates:  7.250000000E+04 -4.597991543E-12  3.465043005E-04  3.465043017E-04 -3.074487949E-05  3.466100990E-04  3.466101013E-04
@times:    74   7.400000000E+04
@energies:  7.400000000E+04  2.012237675E-02  1.534088650E-11  1.534088900E-11  1.863063959E-15  6.776747099E-12  6.776690286E-12
@growth_rates:  7.350000000E+04 -4.918341956E-12  3.465646814E-04  3.465646803E-04  1.103594210E-05  3.466475444E-04  3.466475433E-04
@times:    75   7.500000000E+04
@energies:  7.500000000E+04  2.012237653E-02  3.068352373E-11  3.068352881E-11  1.729412871E-15  1.355520507E-11  1.355509150E-11
@growth_rates:  7.450000000E+04 -5.587379670E-12  3.466021199E-04  3.466021212E-04 -3.722022622E-05  3.466367017E-04  3.466367043E-04
@times:    76   7.600000000E+04
@energies:  7.600000000E+04  2.012237625E-02  6.136995305E-11  6.136996306E-11  1.891086985E-15  2.710848353E-11  2.710825644E-11
@growth_rates:  7.550000000E+04 -6.990535262E-12  3.465972635E-04  3.465972623E-04  4.468490919E-05  3.465380564E-04  3.465380570E-04
@times:    77   7.700000000E+04
@energies:  7.700000000E+04  2.012237585E-02  1.227229366E-10  1.227229569E-10  1.757412228E-15  5.418240374E-11  5.418195038E-11
@growth_rates:  7.650000000E+04 -9.786709443E-12  3.465044576E-04  3.465044589E-04 -3.665469305E-05  3.462547387E-04  3.462547435E-04
@times:    78   7.800000000E+04
@energies:  7.800000000E+04  2.012237523E-02  2.452814527E-10  2.452814928E-10  2.054868116E-15  1.081568069E-10  1.081559032E-10
@growth_rates:  7.750000000E+04 -1.545434469E-11  3.462385357E-04  3.462385345E-04  7.818463344E-05  3.456129440E-04  3.456129502E-04
@times:    79   7.900000000E+04
@energies:  7.900000000E+04  2.012237416E-02  4.896345344E-10  4.896346159E-10  2.014289079E-15  2.153100045E-10  2.153082119E-10
@growth_rates:  7.850000000E+04 -2.666618126E-11  3.456264634E-04  3.456264649E-04 -9.972675169E-06  3.442483908E-04  3.442484055E-04
@times:    80   8.000000000E+04
@energies:  8.000000000E+04  2.012237219E-02  9.748841865E-10  9.748843466E-10  2.796224504E-15  4.262450143E-10  4.262414880E-10
@growth_rates:  7.950000000E+04 -4.884210547E-11  3.443297080E-04  3.443297070E-04  1.640018986E-04  3.414677304E-04  3.414677567E-04
@times:    81   8.100000000E+04
@energies:  8.100000000E+04  2.012236850E-02  1.930815465E-09  1.930815788E-09  4.275959536E-15  8.345163731E-10  8.345095564E-10
@growth_rates:  8.050000000E+04 -9.166310444E-11  3.416895162E-04  3.416895179E-04  2.123692071E-04  3.359190157E-04  3.359190679E-04
@times:    82   8.200000000E+04
@energies:  8.200000000E+04  2.012236159E-02  3.784381536E-09  3.784382164E-09  1.091908586E-14  1.598974913E-09  1.598962163E-09
@growth_rates:  8.150000000E+04 -1.717866460E-10  3.364700203E-04  3.364700195E-04  4.687518622E-04  3.251328303E-04  3.251329275E-04
@times:    83   8.300000000E+04
@energies:  8.300000000E+04  2.012234905E-02  7.270734710E-09  7.270735948E-09  3.293764363E-14  2.942319630E-09  2.942297193E-09
@growth_rates:  8.250000000E+04 -3.116212135E-10  3.264874361E-04  3.264874382E-04  5.520519663E-04  3.049177577E-04  3.049179318E-04
@times:    84   8.400000000E+04
@energies:  8.400000000E+04  2.012232788E-02  1.347117864E-08  1.347118093E-08  1.054372795E-13  5.042827239E-09  5.042791651E-09
@growth_rates:  8.350000000E+04 -5.261493536E-10  3.083475704E-04  3.083475701E-04  5.817500411E-04  2.693843123E-04  2.693845967E-04
@times:    85   8.500000000E+04
@energies:  8.500000000E+04  2.012229648E-02  2.348990841E-08  2.348991253E-08  3.037036339E-13  7.725969230E-09  7.725920842E-09
@growth_rates:  8.450000000E+04 -7.800351860E-10  2.780092060E-04  2.780092087E-04  5.289680341E-04  2.133101983E-04  2.133105954E-04
@times:    86   8.600000000E+04
@energies:  8.600000000E+04  2.012225856E-02  3.745884889E-08  3.745885549E-08  7.387537330E-13  1.019649229E-08  1.019643751E-08
@growth_rates:  8.550000000E+04 -9.423285836E-10  2.333360339E-04  2.333360344E-04  4.444561422E-04  1.387282430E-04  1.387286886E-04
@times:    87   8.700000000E+04
@energies:  8.700000000E+04  2.012222488E-02  5.350251564E-08  5.350252534E-08  1.467766069E-12  1.152716850E-08  1.152711549E-08
@growth_rates:  8.650000000E+04 -8.367645925E-10  1.782428534E-04  1.782428559E-04  3.432661106E-04  6.133147973E-05  6.133186633E-05
@times:    88   8.800000000E+04
@energies:  8.800000000E+04  2.012220782E-02  6.857253122E-08  6.857254366E-08  2.452405992E-12  1.163238113E-08  1.163233428E-08
@growth_rates:  8.750000000E+04 -4.240838400E-10  1.240816805E-04  1.240816805E-04  2.566640081E-04  4.542979511E-06  4.543265118E-06
@times:    89   8.900000000E+04
@energies:  8.900000000E+04  2.012221303E-02  8.096166922E-08  8.096168418E-08  3.667046520E-12  1.119744722E-08  1.119740657E-08
@growth_rates:  8.850000000E+04  1.294341860E-10  8.304189403E-05  8.304189571E-05  2.011584974E-04 -1.905343032E-05 -1.905323187E-05
@times:    90   9.000000000E+04
@energies:  9.000000000E+04  2.012223904E-02  9.089456089E-08  9.089457772E-08  5.171287339E-12  1.082231612E-08  1.082228003E-08
@growth_rates:  8.950000000E+04  6.464619409E-10  5.786217002E-05  5.786217024E-05  1.718675420E-04 -1.703775792E-05 -1.703761005E-05
@times:    91   9.100000000E+04
@energies:  9.100000000E+04  2.012228267E-02  9.898734322E-08  9.898736193E-08  7.036301345E-12  1.068378896E-08  1.068375544E-08
@growth_rates:  9.050000000E+04  1.084163601E-09  4.264591626E-05  4.264591818E-05  1.539804979E-04 -6.441383882E-06 -6.441285329E-06
@times:    92   9.200000000E+04
@energies:  9.200000000E+04  2.012234126E-02  1.056330536E-07  1.056330737E-07  9.308545262E-12  1.072940708E-08  1.072937493E-08
@growth_rates:  9.150000000E+04  1.455786837E-09  3.248966692E-05  3.248966763E-05  1.399250843E-04  2.130377399E-06  2.130448307E-06
@times:    93   9.300000000E+04
@energies:  9.300000000E+04  2.012241259E-02  1.110734823E-07  1.110735039E-07  1.201478254E-11  1.088988543E-08  1.088985369E-08
@growth_rates:  9.250000000E+04  1.772392844E-09  2.511032756E-05  2.511032962E-05  1.276024730E-04  7.423059892E-06  7.423100561E-06
@times:    94   9.400000000E+04
@energies:  9.400000000E+04  2.012249472E-02  1.154579819E-07  1.154580046E-07  1.517417367E-11  1.112717489E-08  1.112714324E-08
@growth_rates:  9.350000000E+04  2.040665918E-09  1.935734297E-05  1.935734385E-05  1.167285563E-04  1.077794404E-05  1.077797902E-05
@times:    95   9.500000000E+04
@energies:  9.500000000E+04  2.012258565E-02  1.189935618E-07  1.189935857E-07  1.880545484E-11  1.141352186E-08  1.141348985E-08
@growth_rates:  9.450000000E+04  2.259375423E-09  1.508135945E-05  1.508136142E-05  1.072760483E-04  1.270423819E-05  1.270425811E-05
@times:    96   9.600000000E+04
@energies:  9.600000000E+04  2.012268365E-02  1.218085659E-07  1.218085905E-07  2.291777169E-11  1.172721350E-08  1.172718118E-08
@growth_rates:  9.550000000E+04  2.435082761E-09  1.169064534E-05  1.169064620E-05  9.888284370E-05  1.355665004E-05  1.355667432E-05
@times:    97   9.700000000E+04
@energies:  9.700000000E+04  2.012278711E-02  1.240321051E-07  1.240321305E-07  2.752297560E-11  1.205133520E-08  1.205130231E-08
@growth_rates:  9.650000000E+04  2.570909109E-09  9.044881831E-06  9.044883581E-06  9.155423304E-05  1.363168904E-05  1.363170216E-05
@times:    98   9.800000000E+04
@energies:  9.800000000E+04  2.012289458E-02  1.257901172E-07  1.257901433E-07  3.261664490E-11  1.237347705E-08  1.237344376E-08
@growth_rates:  9.750000000E+04  2.670336074E-09  7.037168972E-06  7.037169685E-06  8.490080287E-05  1.318988759E-05  1.318990735E-05
@times:    99   9.900000000E+04
@energies:  9.900000000E+04  2.012300485E-02  1.271498350E-07  1.271498617E-07  3.820341605E-11  1.268448443E-08  1.268445053E-08
@growth_rates:  9.850000000E+04  2.739880119E-09  5.375706400E-06  5.375707861E-06  7.905109950E-05  1.241215686E-05  1.241216590E-05
@times:   100   1.000000000E+05
@energies:  1.000000000E+05  2.012311680E-02  1.282104917E-07  1.282105187E-07  4.426532525E-11  1.297868672E-08  1.297865247E-08
@growth_rates:  9.950000000E+04  2.781462314E-09  4.153592478E-06  4.153593001E-06  7.363835390E-05  1.146449045E-05  1.146450698E-05
